
===================================================================================
  B887 NR5G MAC PDSCH — Parsed Records
===================================================================================
   Pkt   Rec   Ver   Slot   Frame      SCS   CID Phy Cell ID     NR-ARFCN  TB Size   MCS   Num RBs   HARQ    K1
   ---   ---   ---   ----   -----      ---   --- -----------     --------  -------   ---   -------   ----    --
     0     0     3      1     626    30kHz     0      502       634080       28     3         1     14     4
     1     0     3      1     114    30kHz     0      502       634080       28     3         1     15     4
     2     0     3     12     304    30kHz     0      502       634080       26     3         1      0    12
     3     0     3      2     585    30kHz     0      502       634080      153     0        48      0     1
     4     0     3      9     586    30kHz     0      502       634080      848     8        48      0     6
     5     0     3      0     589    30kHz     0      502       634080       32     6         2      1     5
     6     0     3     10     589    30kHz     0      502       634080       32     6         2      1     5
     7     0     3     16     590    30kHz     0      502       634080       26     5         2      2     8
     8     0     3      6     592    30kHz     0      502       634080      848     8        48      3     8
     9     0     3      7     592    30kHz     0      502       634080      528     5        48      4     7
     9     1     3      8     592    30kHz     0      502       634080      528     5        48      5     7
    10     0     3     11     596    30kHz     0      502       634080      106     7         3      8     4
    11     0     3      0     597    30kHz     0      502       634080      106     7         3      9     5
    12     0     3     10     597    30kHz     0      502       634080      106     7         3     10     5
    12     1     3     11     597    30kHz     0      502       634080      388     8        10     11     4
    13     0     3     10     599    30kHz     0      502       634080       30     6         1     13     5
    14     0     3     13     605    30kHz     0      502       634080      453     7        44      2    11
    14     1     3     16     605    30kHz     0      502       634080       54     5         2      3     8
    15     0     3      2     641    30kHz     0      502       634080       10     7         3      0     1
    16     0     3      2     897    30kHz     0      502       634080       10     7         3      0     1
    17     0     3     10      98    30kHz     0      502       634080       32     7         1      6     5
    18     0     3      9     571    30kHz     0      502       634080      111    12         2      7     6
    19     0     3      0     572    30kHz     0      502       634080       92    10         2      8     5
    20     0     3     10     572    30kHz     0      502       634080      101    11         2      9     5
    21     0     3      0     573    30kHz     0      502       634080       92    10         2     10     5
    22     0     3      0     574    30kHz     0      502       634080       30     6         1     11     5
    23     0     3     10     574    30kHz     0      502       634080       30     6         1     11     5
    24     0     3     17     581    30kHz     0      502       634080      512     7        15     12     7
    25     0     3      0     584    30kHz     0      502       634080       30     6         1     13     5
    26     0     3     10     585    30kHz     0      502       634080      106     7         3     14     5
    27     0     3      0     610    30kHz     0      502       634080       30     6         1     15     5
    28     0     3      2       1    30kHz     0      502       634080       10     7         3      0     1
    29     0     3     10     100    30kHz     0      502       634080       28     3         1      0     5
    30     0     3      2     257    30kHz     0      502       634080       10     7         3      0     1
    31     0     3      2     385    30kHz     0      502       634080       10     7         3      0     1
    32     0     3     13     560    30kHz     0      502       634080       32     5         2      1    11
    33     0     3      2     467    30kHz     0      502       634080       10     7         3      0     1
    34     0     3      2     851    30kHz     0      502       634080       10     7         3      0     1
    35     0     3      2      83    30kHz     0      502       634080       10     7         3      0     1

  Total records : 39
  Version 3     : 39 record(s), MCS in [0, 3, 5, 6, 7, 8, 10, 11, 12]
  Overall MCS   : min=0, max=12, avg=6.44
===================================================================================

