07 01 01 01 01 00 00 00 01 01 1d 18 f6 81 b3 26 60 01 80 1c 03 00 50 00 83 00 21 00 18 ee 02 1c
00 01 63 01 01 00 00 00 01 63 01 18 f6 81 b3 26 80 03 80 0c 01 28 40 21 03 00 21 00 18 ee 02 1c
00 01 b3 01 01 00 00 00 01 b3 01 18 f6 81 b3 26 80 03 80 0c 01 30 40 21 03 00 21 00 18 ee 02 1c
00 01 b9 01 01 00 00 00 01 b9 01 18 f6 81 b3 26 80 03 80 0c 01 38 40 21 03 00 21 00 18 ee 02 1c
0c 01 b9 01 01 00 00 00 01 b9 31 18 f6 81 b3 26 a0 0c 80 30 01 40 00 23 03 00 29 00 18 ee 02 1c
08 01 ba 01 01 00 00 00 01 ba 21 18 f6 81 b3 26 a0 0c 80 2c 01 48 c0 21 03 00 29 00 18 ee 02 1c
09 01 bb 01 01 00 00 00 01 bb 25 18 f6 81 b3 26 a0 14 80 44 01 50 80 21 03 00 29 00 18 ee 02 1c
0d 01 bb 01 01 00 00 00 01 bb 35 18 f6 81 b3 26 00 0b 80 40 02 58 c0 22 03 00 29 00 18 ee 02 1c
01 01 bd 01 01 00 00 00 01 bd 05 18 f6 81 b3 26 80 03 80 0c 01 60 00 21 03 00 21 00 18 ee 02 1c
12 01 bd 01 01 00 00 00 01 bd 49 18 f6 81 b3 26 a0 0c 80 2c 01 68 c0 21 03 00 29 00 18 ee 02 1c
07 01 01 02 01 00 00 00 01 01 1e 18 f6 81 b3 26 60 01 80 1c 03 00 50 00 83 00 21 00 18 ee 02 1c
07 01 81 02 01 00 00 00 01 81 1e 18 f6 81 b3 26 60 01 80 1c 03 00 50 00 83 00 21 00 18 ee 02 1c
07 01 01 03 01 00 00 00 01 01 1f 18 f6 81 b3 26 e0 01 80 1c 04 00 50 00 83 00 21 00 18 ee 02 1c
00 01 63 03 01 00 00 00 01 63 03 18 f6 81 b3 26 80 03 80 0c 01 70 40 21 03 00 21 00 18 ee 02 1c
07 01 01 00 01 00 00 00 01 01 1c 18 f6 81 b3 26 e0 01 80 1c 05 00 50 00 83 00 21 00 18 ee 02 1c
07 01 81 00 01 00 00 00 01 81 1c 18 f6 81 b3 26 20 01 80 1c 03 00 50 00 83 00 21 00 18 ee 02 1c
0b 01 db 00 01 00 00 00 01 db 2c 18 f6 81 b3 26 80 03 80 0c 01 78 00 21 03 00 21 00 18 ee 02 1c
01 01 dc 00 01 00 00 00 01 dc 04 18 f6 81 b3 26 e0 0d 80 30 01 00 00 21 06 00 29 00 18 ee 02 1c
08 01 dc 00 01 00 00 00 01 dc 20 18 f6 81 b3 26 a0 0c 80 2c 01 08 c0 21 07 00 29 00 18 ee 02 1c
0a 01 dc 00 01 81 b3 26 01 dc 28 18 f6 81 b3 26 e0 0d 80 30 01 04 40 21 05 81 29 00 18 ee 02 1c
08 01 dd 00 01 00 00 00 01 dd 20 18 f6 81 b3 26 40 0d 80 58 01 10 80 21 06 00 6d 00 18 ee 02 1c
0a 01 de 00 01 00 00 00 01 de 28 18 f6 81 b3 26 80 03 80 0c 01 18 40 21 07 00 61 00 5a ee 02 1c
09 01 e7 00 01 00 00 00 01 e7 24 18 f6 81 b3 26 00 42 80 44 03 20 80 21 07 00 69 00 1a ee 02 1c
0a 01 ea 00 01 00 00 00 01 ea 28 18 f6 81 b3 26 80 03 80 0c 01 28 40 21 07 00 61 00 1a ee 02 1c
09 01 eb 00 01 00 00 00 01 eb 24 18 f6 81 b3 26 a0 0c 80 28 01 30 80 21 07 00 65 00 1a ee 02 1c
07 01 01 01 01 00 00 00 01 01 1d 18 f6 81 b3 26 20 01 80 1c 03 00 50 00 83 00 61 00 18 ee 02 1c
00 01 63 01 01 00 00 00 01 63 01 18 f6 81 b3 26 80 03 80 0c 01 38 40 21 07 00 61 00 19 ee 02 1c
07 01 81 01 01 00 00 00 01 81 1d 18 f6 81 b3 26 60 01 80 1c 03 00 50 00 83 00 21 00 18 ee 02 1c
00 01 9b 01 01 00 00 00 01 9b 01 18 f6 81 b3 26 80 03 80 0c 01 40 40 21 07 00 21 00 19 ee 02 1c
0a 01 9b 01 01 00 00 00 01 9b 29 18 f6 81 b3 26 60 0f 80 30 01 48 40 21 07 00 29 00 19 ee 02 1c
0c 01 9b 01 01 81 b3 26 01 9b 31 18 f6 81 b3 26 e0 0d 80 34 01 50 00 23 07 00 29 00 19 ee 02 1c
0a 01 9e 01 01 00 00 00 01 9e 29 18 f6 81 b3 26 00 04 80 0c 01 58 40 21 07 00 21 00 19 ee 02 1c
06 01 a5 01 01 00 00 00 01 a5 19 18 f6 81 b3 26 20 16 80 48 01 60 00 22 07 00 29 00 19 ee 02 1c
08 01 a5 01 01 81 b3 26 01 a5 21 18 f6 81 b3 26 00 0c 80 0c 04 68 c0 21 07 00 21 00 19 ee 02 1c
00 01 a7 01 01 00 00 00 01 a7 01 18 f6 81 b3 26 80 03 80 0c 01 70 40 21 07 00 21 00 19 ee 02 1c
13 01 a7 01 01 00 00 00 01 a7 4d 18 f6 81 b3 26 e0 0d 80 30 01 78 80 21 06 00 29 00 01 ee 02 1c
0a 01 a8 01 01 00 00 00 01 a8 29 18 f6 81 b3 26 e0 0d 80 78 01 7c 40 21 05 81 29 00 19 ee 02 1c
0b 01 a8 01 01 81 b3 26 01 a8 2d 18 f6 81 b3 26 00 04 80 0c 01 00 00 21 03 00 21 00 19 ee 02 1c
00 01 63 03 01 00 00 00 01 63 03 18 f6 81 b3 26 00 04 80 0c 01 08 40 21 03 00 21 00 19 ee 02 1c
00 01 e3 00 01 00 00 00 01 e3 00 18 f6 81 b3 26 80 03 80 0c 01 10 40 21 03 00 21 00 59 ee 02 1c
00 01 e6 00 01 00 00 00 01 e6 00 18 f6 81 b3 26 e0 0d 80 30 01 18 40 21 03 00 29 00 19 ee 02 1c
00 01 63 01 01 00 00 00 01 63 01 18 f6 81 b3 26 00 04 80 0c 01 20 40 21 03 00 21 00 19 ee 02 1c
00 01 83 01 01 00 00 00 01 83 01 18 f6 81 b3 26 80 03 80 0c 01 28 40 21 03 00 21 00 19 ee 02 1c
01 01 84 01 01 00 00 00 01 84 05 18 f6 81 b3 26 e0 0d 80 30 01 30 00 21 03 00 29 00 19 ee 02 1c
0a 01 85 01 01 00 00 00 01 85 29 18 f6 81 b3 26 80 03 80 0c 01 38 40 21 03 00 21 00 19 ee 02 1c
0d 01 8a 01 01 00 00 00 01 8a 35 18 f6 81 b3 26 20 15 80 50 03 40 c0 22 02 00 2d 00 01 ee 02 1c
11 01 8a 01 01 81 b3 26 01 8a 45 18 f6 81 b3 26 a0 0c 80 28 01 48 c0 21 02 00 25 00 01 ee 02 1c
09 01 8b 01 01 00 00 00 01 8b 25 18 f6 81 b3 26 20 15 80 7c 01 44 80 21 01 81 2d 00 19 ee 02 1c
0a 01 8b 01 01 81 b3 26 01 8b 29 18 f6 81 b3 26 a0 0c 80 74 02 4c 40 21 01 81 25 00 19 ee 02 1c
0a 01 8e 01 01 00 00 00 01 8e 29 18 f6 81 b3 26 80 03 80 0c 01 50 40 21 03 00 21 00 19 ee 02 1c
0b 01 8f 01 01 00 00 00 01 8f 2d 18 f6 81 b3 26 e0 0d 80 30 01 58 00 21 03 00 29 00 19 ee 02 1c
0a 01 37 03 01 00 00 00 01 37 2b 18 f6 81 b3 26 80 03 80 0c 01 60 40 21 03 00 21 00 19 ee 02 1c
13 01 37 03 01 00 00 00 01 37 4f 18 f6 81 b3 26 40 0d 80 2c 01 68 80 21 03 00 29 00 19 ee 02 1c
08 01 38 03 01 00 00 00 01 38 23 18 f6 81 b3 26 a0 0c 80 28 01 70 c0 21 03 00 25 00 19 ee 02 1c
0a 01 39 03 01 00 00 00 01 39 2b 18 f6 81 b3 26 80 03 80 0c 01 78 40 21 03 00 21 00 19 ee 02 1c
0d 01 3f 03 01 00 00 00 01 3f 37 18 f6 81 b3 26 a0 14 80 3c 04 00 c0 22 06 00 29 00 01 ee 02 1c
10 01 3f 03 01 81 b3 26 01 3f 43 18 f6 81 b3 26 a0 25 80 40 02 08 00 22 07 00 29 00 31 ee 02 1c
09 01 40 03 01 00 00 00 01 40 27 18 f6 81 b3 26 a0 14 80 78 01 04 80 21 05 81 29 00 25 ee 02 1c
10 01 42 03 01 00 00 00 01 42 43 18 f6 81 b3 26 20 1e 80 34 02 10 00 22 07 00 29 00 19 ee 02 1c
00 01 43 03 01 81 b3 26 01 43 03 18 f6 81 b3 26 80 03 80 0c 01 18 40 21 07 00 21 00 19 ee 02 1c
06 01 43 03 01 00 00 00 01 43 1b 18 f6 81 b3 26 a0 28 80 30 03 20 00 22 07 00 29 00 19 ee 02 1c
09 01 43 03 01 81 b3 26 01 43 27 18 f6 81 b3 26 80 0b 80 30 01 28 80 21 07 00 29 00 19 ee 02 1c
01 01 47 03 01 00 00 00 01 47 07 18 f6 81 b3 26 80 03 80 0c 01 30 00 21 07 00 21 00 19 ee 02 1c
0c 01 47 03 01 00 00 00 01 47 33 18 f6 81 b3 26 e0 0d 80 34 01 38 00 23 07 00 29 00 31 ee 02 1c
0d 01 47 03 01 81 b3 26 01 47 37 18 f6 81 b3 26 20 ac 80 28 33 40 c0 22 07 00 25 00 31 ee 02 1c
10 01 47 03 01 81 b3 26 01 47 43 18 f6 81 b3 26 20 b0 80 3c 0a 48 00 22 07 00 29 00 31 ee 02 1c
11 01 47 03 01 81 b3 26 01 47 47 18 f6 81 b3 26 20 c0 80 3c 0b 50 c0 21 07 00 29 00 31 ee 02 1c
06 01 4a 03 01 00 00 00 01 4a 1b 18 f6 81 b3 26 80 0b 80 28 01 58 00 22 07 00 25 00 19 ee 02 1c
0a 01 4a 03 01 81 b3 26 01 4a 2b 18 f6 81 b3 26 80 03 80 0c 01 60 40 21 07 00 21 00 19 ee 02 1c
02 01 4b 03 01 00 00 00 01 4b 0b 18 f6 81 b3 26 a0 25 80 30 03 68 00 23 06 00 29 00 01 ee 02 1c
13 01 4b 03 01 00 00 00 01 4b 4f 18 f6 81 b3 26 a0 25 80 78 03 6c 80 21 05 81 29 00 19 ee 02 1c
0a 01 4c 03 01 00 00 00 01 4c 2b 18 f6 81 b3 26 80 03 80 0c 01 70 40 21 07 00 21 00 19 ee 02 1c
0a 01 4e 03 01 00 00 00 01 4e 2b 18 f6 81 b3 26 80 03 80 0c 01 78 40 21 07 00 21 00 19 ee 02 1c
0a 01 62 03 01 00 00 00 01 62 2b 18 f6 81 b3 26 40 03 80 0c 01 00 40 21 03 00 21 00 19 ee 02 1c
07 01 01 00 01 00 00 00 01 01 1c 18 f6 81 b3 26 60 01 80 1c 03 00 50 00 83 00 21 00 18 ee 02 1c
06 01 11 00 01 00 00 00 01 11 18 18 f6 81 b3 26 20 b4 80 34 0c 08 00 22 03 00 29 00 19 ee 02 1c
0a 01 13 00 01 00 00 00 01 13 28 18 f6 81 b3 26 80 03 80 0c 01 10 40 21 03 00 21 00 19 ee 02 1c
10 01 13 00 01 81 b3 26 01 13 40 18 f6 81 b3 26 a0 34 80 3c 03 18 00 22 03 00 29 00 19 ee 02 1c
01 01 16 00 01 00 00 00 01 16 04 18 f6 81 b3 26 00 0c 80 24 01 20 00 21 03 00 25 00 19 ee 02 1c
0a 01 16 00 01 00 00 00 01 16 28 18 f6 81 b3 26 80 03 80 0c 01 28 40 21 03 00 21 00 19 ee 02 1c
10 01 16 00 01 00 00 00 01 16 40 18 f6 81 b3 26 00 0b 80 24 01 30 00 22 03 00 25 00 19 ee 02 1c
0a 01 30 00 01 00 00 00 01 30 28 18 f6 81 b3 26 e0 0d 80 30 01 38 40 21 03 00 29 00 19 ee 02 1c
01 01 32 00 01 00 00 00 01 32 04 18 f6 81 b3 26 80 03 80 0c 01 40 00 21 03 00 21 00 19 ee 02 1c
0b 01 33 00 01 00 00 00 01 33 2c 18 f6 81 b3 26 80 03 80 0c 01 48 00 21 03 00 21 00 19 ee 02 1c
0a 01 4e 00 01 00 00 00 01 4e 28 18 f6 81 b3 26 20 17 80 28 02 50 40 21 03 00 25 00 19 ee 02 1c
01 01 50 00 01 00 00 00 01 50 04 18 f6 81 b3 26 80 03 80 0c 01 58 00 21 03 00 21 00 19 ee 02 1c
0b 01 51 00 01 00 00 00 01 51 2c 18 f6 81 b3 26 80 03 80 0c 01 60 00 21 03 00 21 00 19 ee 02 1c
06 01 61 00 01 00 00 00 01 61 18 18 f6 81 b3 26 80 0e 80 0c 04 68 00 22 03 00 21 00 19 ee 02 1c
0a 01 62 00 01 00 00 00 01 62 28 18 f6 81 b3 26 40 03 80 0c 01 70 40 21 03 00 21 00 19 ee 02 1c
12 01 62 00 01 00 00 00 01 62 48 18 f6 81 b3 26 60 0f 80 30 01 78 c0 21 03 00 29 00 31 ee 02 1c
13 01 62 00 01 81 b3 26 01 62 4c 18 f6 81 b3 26 00 0c 80 24 01 00 80 21 07 00 25 00 31 ee 02 1c
07 01 81 00 01 00 00 00 01 81 1c 18 f6 81 b3 26 20 01 80 1c 03 00 50 00 83 00 21 00 30 ee 02 1c
06 01 91 00 01 00 00 00 01 91 18 18 f6 81 b3 26 80 90 82 38 28 08 00 22 07 00 29 00 19 ee 02 1c
0a 01 92 00 01 00 00 00 01 92 28 18 f6 81 b3 26 40 03 80 0c 01 10 40 21 07 00 21 00 19 ee 02 1c
00 01 95 00 01 00 00 00 01 95 00 18 f6 81 b3 26 80 03 80 0c 01 18 40 21 07 00 21 00 19 ee 02 1c
06 01 b1 00 01 00 00 00 01 b1 18 18 f6 81 b3 26 60 00 83 50 20 20 00 22 06 00 2d 00 01 ee 02 1c
13 01 b1 00 01 00 00 00 01 b1 4c 18 f6 81 b3 26 60 00 83 7c 18 24 80 21 05 81 2d 00 19 ee 02 1c
00 01 b5 00 01 00 00 00 01 b5 00 18 f6 81 b3 26 80 03 80 0c 01 28 40 21 07 00 21 00 19 ee 02 1c
01 01 b8 00 01 00 00 00 01 b8 04 18 f6 81 b3 26 a0 0c 80 2c 01 30 00 21 07 00 69 00 19 ee 02 1c
0a 01 bc 00 01 00 00 00 01 bc 28 18 f6 81 b3 26 80 03 80 0c 01 38 40 21 07 00 21 00 19 ee 02 1c
0b 01 be 00 01 00 00 00 01 be 2c 18 f6 81 b3 26 20 10 80 38 01 40 00 21 06 00 29 00 01 ee 02 1c
0c 01 be 00 01 81 b3 26 01 be 30 18 f6 81 b3 26 80 0a 80 28 01 48 00 23 07 00 25 00 31 ee 02 1c
00 01 bf 00 01 00 00 00 01 bf 00 18 f6 81 b3 26 20 10 80 38 01 44 40 21 05 81 29 00 25 ee 02 1c
00 01 c0 00 01 00 00 00 01 c0 00 18 f6 81 b3 26 80 03 80 0c 01 50 40 21 07 00 21 00 19 ee 02 1c
0b 01 c0 00 01 00 00 00 01 c0 2c 18 f6 81 b3 26 a0 0c 80 2c 01 58 00 21 07 00 29 00 19 ee 02 1c
06 01 c2 00 01 00 00 00 01 c2 18 18 f6 81 b3 26 a0 23 80 3c 02 60 00 22 07 00 29 00 19 ee 02 1c
0a 01 c2 00 01 81 b3 26 01 c2 28 18 f6 81 b3 26 40 03 80 0c 01 68 40 21 07 00 21 00 19 ee 02 1c
10 01 c2 00 01 00 00 00 01 c2 40 18 f6 81 b3 26 60 0f 80 34 01 70 00 22 07 00 29 00 19 ee 02 1c
12 01 c6 00 01 00 00 00 01 c6 48 18 f6 81 b3 26 a0 0c 80 28 01 78 c0 21 07 00 25 00 31 ee 02 1c
13 01 c6 00 01 81 b3 26 01 c6 4c 18 f6 81 b3 26 00 0c 80 24 01 00 80 21 03 00 25 00 31 ee 02 1c
00 01 c7 00 01 81 b3 26 01 c7 00 18 f6 81 b3 26 80 03 80 0c 01 08 40 21 03 00 21 00 31 ee 02 1c
0c 01 c7 00 01 00 00 00 01 c7 30 18 f6 81 b3 26 e0 0d 80 34 01 10 00 23 03 00 29 00 31 ee 02 1c
0d 01 c7 00 01 81 b3 26 01 c7 34 18 f6 81 b3 26 20 b4 80 34 29 18 c0 22 03 00 29 00 31 ee 02 1c
10 01 c7 00 01 81 b3 26 01 c7 40 18 f6 81 b3 26 40 58 81 44 11 20 00 22 03 00 29 00 19 ee 02 1c
06 01 c8 00 01 00 00 00 01 c8 18 18 f6 81 b3 26 20 13 80 40 01 28 00 22 03 00 29 00 19 ee 02 1c
00 01 ca 00 01 00 00 00 01 ca 00 18 f6 81 b3 26 80 03 80 0c 01 30 40 21 03 00 21 00 19 ee 02 1c
06 01 ca 00 01 00 00 00 01 ca 18 18 f6 81 b3 26 a0 0c 80 2c 01 38 00 22 03 00 29 00 19 ee 02 1c
0d 01 ca 00 01 81 b3 26 01 ca 34 18 f6 81 b3 26 20 1a 80 3c 05 40 c0 22 03 00 29 00 19 ee 02 1c
0a 01 ce 00 01 00 00 00 01 ce 28 18 f6 81 b3 26 80 03 80 0c 01 48 40 21 03 00 21 00 19 ee 02 1c
07 01 d1 00 01 00 00 00 01 d1 1c 18 f6 81 b3 26 00 54 80 44 05 50 c0 21 03 00 29 00 31 ee 02 1c
08 01 d1 00 01 81 b3 26 01 d1 20 18 f6 81 b3 26 00 0b 80 38 01 58 c0 21 03 00 29 00 31 ee 02 1c
0a 01 d2 00 01 00 00 00 01 d2 28 18 f6 81 b3 26 40 03 80 0c 01 60 40 21 03 00 21 00 19 ee 02 1c
0c 01 d5 00 01 00 00 00 01 d5 30 18 f6 81 b3 26 a0 0c 80 30 01 68 00 23 03 00 29 00 19 ee 02 1c
00 01 63 01 01 00 00 00 01 63 01 18 f6 81 b3 26 80 03 80 0c 01 70 40 21 03 00 21 00 19 ee 02 1c
07 01 81 02 01 00 00 00 01 81 1e 18 f6 81 b3 26 20 01 80 1c 03 00 50 00 83 00 21 00 18 ee 02 1c
06 01 a1 02 01 00 00 00 01 a1 1a 18 f6 81 b3 26 a0 13 80 10 04 78 00 22 03 00 21 00 19 ee 02 1c
00 01 a3 02 01 00 00 00 01 a3 02 18 f6 81 b3 26 80 03 80 0c 01 00 40 21 07 00 21 00 19 ee 02 1c
06 01 c1 02 01 00 00 00 01 c1 1a 18 f6 81 b3 26 a0 1f 80 18 04 08 00 22 06 00 25 00 01 ee 02 1c
13 01 c1 02 01 00 00 00 01 c1 4e 18 f6 81 b3 26 a0 1f 80 74 03 0c 80 21 05 81 25 00 19 ee 02 1c
0a 01 c4 02 01 00 00 00 01 c4 2a 18 f6 81 b3 26 80 03 80 0c 01 10 40 21 07 00 21 00 19 ee 02 1c
12 01 21 03 01 00 00 00 01 21 4b 18 f6 81 b3 26 00 0c 80 50 01 18 80 21 06 00 2d 00 18 ee 02 1c
00 01 63 03 01 00 00 00 01 63 03 18 f6 81 b3 26 80 03 80 0c 01 20 40 21 07 00 21 00 18 ee 02 1c
07 01 01 00 01 00 00 00 01 01 1c 18 f6 81 b3 26 60 01 80 1c 03 00 50 00 83 00 21 00 18 ee 02 1c
06 01 b1 00 01 00 00 00 01 b1 18 18 f6 81 b3 26 a0 1f 80 18 04 28 00 22 07 00 25 00 18 ee 02 1c
00 01 b3 00 01 00 00 00 01 b3 00 18 f6 81 b3 26 80 03 80 0c 01 30 40 21 07 00 21 00 18 ee 02 1c
0a 01 b8 00 01 00 00 00 01 b8 28 18 f6 81 b3 26 80 03 80 0c 01 38 40 21 07 00 21 00 18 ee 02 1c
07 01 01 01 01 00 00 00 01 01 1d 18 f6 81 b3 26 a0 02 80 1c 07 00 50 00 83 00 21 00 18 ee 02 1c
0a 01 53 01 01 00 00 00 01 53 29 18 f6 81 b3 26 80 03 80 0c 01 40 40 21 07 00 21 00 18 ee 02 1c
12 01 53 01 01 00 00 00 01 53 49 18 f6 81 b3 26 e0 0d 80 30 01 48 c0 21 07 00 29 00 18 ee 02 1c
07 01 54 01 01 00 00 00 01 54 1d 18 f6 81 b3 26 e0 0d 80 30 01 50 c0 21 07 00 29 00 18 ee 02 1c
0a 01 55 01 01 00 00 00 01 55 29 18 f6 81 b3 26 80 03 80 0c 01 58 40 21 07 00 21 00 18 ee 02 1c
12 01 56 01 01 00 00 00 01 56 49 18 f6 81 b3 26 60 0f 80 60 01 60 80 21 06 00 6d 00 18 ee 02 1c
09 01 57 01 01 00 00 00 01 57 25 18 f6 81 b3 26 00 04 80 0c 01 68 80 21 07 00 61 00 1a ee 02 1c
03 01 5b 01 01 00 00 00 01 5b 0d 18 f6 81 b3 26 20 15 80 50 03 70 c0 22 07 00 6d 00 1a ee 02 1c
07 01 5b 01 01 00 00 00 01 5b 1d 18 f6 81 b3 26 a0 0c 80 28 01 78 c0 21 07 00 65 00 1a ee 02 1c
12 01 5b 01 01 00 00 00 01 5b 49 18 f6 81 b3 26 20 10 80 34 01 00 c0 21 03 00 69 00 32 ee 02 1c
13 01 5b 01 01 81 b3 26 01 5b 4d 18 f6 81 b3 26 80 0b 80 28 01 08 80 21 03 00 65 00 32 ee 02 1c
0a 01 5c 01 01 00 00 00 01 5c 29 18 f6 81 b3 26 80 03 80 0c 01 10 40 21 03 00 61 00 1a ee 02 1c
08 01 5d 01 01 00 00 00 01 5d 21 18 f6 81 b3 26 a0 0c 80 2c 01 18 c0 21 03 00 69 00 5a ee 02 1c
01 01 5e 01 01 00 00 00 01 5e 05 18 f6 81 b3 26 80 03 80 0c 01 20 00 21 03 00 61 00 1a ee 02 1c
08 01 5f 01 01 00 00 00 01 5f 21 18 f6 81 b3 26 a0 0c 80 28 01 28 c0 21 03 00 65 00 1a ee 02 1c
0b 01 5f 01 01 81 b3 26 01 5f 2d 18 f6 81 b3 26 80 03 80 0c 01 30 00 21 03 00 61 00 1a ee 02 1c
0a 01 62 01 01 00 00 00 01 62 29 18 f6 81 b3 26 40 03 80 0c 01 38 40 21 03 00 61 00 1a ee 02 1c
07 01 01 02 01 00 00 00 01 01 1e 18 f6 81 b3 26 20 01 80 1c 03 00 50 00 83 00 21 00 18 ee 02 1c
07 01 81 02 01 00 00 00 01 81 1e 18 f6 81 b3 26 20 01 80 1c 03 00 50 00 83 00 21 00 18 ee 02 1c
00 01 63 03 01 00 00 00 01 63 03 18 f6 81 b3 26 80 03 80 0c 01 40 40 21 03 00 21 00 19 ee 02 1c
0a 01 6e 03 01 00 00 00 01 6e 2b 18 f6 81 b3 26 80 03 80 0c 01 48 40 21 03 00 21 00 19 ee 02 1c
0a 01 71 03 01 00 00 00 01 71 2b 18 f6 81 b3 26 e0 0d 80 30 01 50 40 21 03 00 29 00 19 ee 02 1c
07 01 81 03 01 00 00 00 01 81 1f 18 f6 81 b3 26 20 01 80 1c 03 00 50 00 83 00 21 00 18 ee 02 1c
07 01 81 00 01 00 00 00 01 81 1c 18 f6 81 b3 26 20 01 80 1c 03 00 50 00 83 00 21 00 18 ee 02 1c
00 01 63 01 01 00 00 00 01 63 01 18 f6 81 b3 26 80 03 80 0c 01 58 40 21 03 00 21 00 19 ee 02 1c
07 01 81 02 01 00 00 00 01 81 1e 18 f6 81 b3 26 60 01 80 1c 03 00 50 00 83 00 21 00 18 ee 02 1c
00 01 4d 03 01 00 00 00 01 4d 03 18 f6 81 b3 26 80 03 80 0c 01 60 40 21 03 00 21 00 59 ee 02 1c
0d 01 4f 03 01 00 00 00 01 4f 37 18 f6 81 b3 26 80 0a 80 3c 02 68 c0 22 03 00 29 00 19 ee 02 1c
00 01 51 03 01 00 00 00 01 51 03 18 f6 81 b3 26 80 03 80 0c 01 70 40 21 03 00 21 00 19 ee 02 1c
0a 01 62 03 01 00 00 00 01 62 2b 18 f6 81 b3 26 40 03 80 0c 01 78 40 21 03 00 21 00 19 ee 02 1c
07 01 81 00 01 00 00 00 01 81 1c 18 f6 81 b3 26 60 01 80 1c 03 00 50 00 83 00 21 00 18 ee 02 1c
13 01 c1 00 01 00 00 00 01 c1 4c 18 f6 81 b3 26 a0 11 80 1c 02 00 80 21 07 00 25 00 19 ee 02 1c
10 01 ca 00 01 00 00 00 01 ca 40 18 f6 81 b3 26 a0 3a 80 28 05 08 00 22 07 00 25 00 19 ee 02 1c
00 01 cb 00 01 00 00 00 01 cb 00 18 f6 81 b3 26 80 03 80 0c 01 10 40 21 07 00 21 00 19 ee 02 1c
07 01 cb 00 01 00 00 00 01 cb 1c 18 f6 81 b3 26 20 1d 80 20 03 18 c0 21 07 00 25 00 19 ee 02 1c
09 01 d1 00 01 00 00 00 01 d1 24 18 f6 81 b3 26 20 10 80 20 02 20 80 21 07 00 25 00 31 ee 02 1c
0b 01 d1 00 01 81 b3 26 01 d1 2c 18 f6 81 b3 26 20 a4 80 38 0a 28 00 21 07 00 29 00 31 ee 02 1c
0d 01 d1 00 01 81 b3 26 01 d1 34 18 f6 81 b3 26 20 78 81 24 78 30 c0 22 07 00 25 00 19 ee 02 1c
0a 01 d3 00 01 00 00 00 01 d3 28 18 f6 81 b3 26 80 03 80 0c 01 38 40 21 07 00 21 00 19 ee 02 1c
13 01 d3 00 01 00 00 00 01 d3 4c 18 f6 81 b3 26 a0 25 80 2c 03 40 80 21 07 00 29 00 19 ee 02 1c
01 01 d5 00 01 00 00 00 01 d5 04 18 f6 81 b3 26 80 03 80 0c 01 48 00 21 07 00 21 00 19 ee 02 1c
07 01 01 01 01 00 00 00 01 01 1d 18 f6 81 b3 26 60 01 80 1c 03 00 50 00 83 00 21 00 18 ee 02 1c
02 01 23 01 01 00 00 00 01 23 09 18 f6 81 b3 26 40 03 80 0c 01 50 00 23 07 00 21 00 19 ee 02 1c
00 01 24 01 01 00 00 00 01 24 01 18 f6 81 b3 26 e0 0d 80 30 01 58 40 21 07 00 29 00 19 ee 02 1c
0a 01 26 01 01 00 00 00 01 26 29 18 f6 81 b3 26 80 03 80 0c 01 60 40 21 07 00 21 00 19 ee 02 1c
01 01 2b 01 01 00 00 00 01 2b 05 18 f6 81 b3 26 a0 14 80 44 01 68 00 21 07 00 29 00 19 ee 02 1c
06 01 2b 01 01 00 00 00 01 2b 19 18 f6 81 b3 26 80 0b 80 28 01 70 00 22 07 00 25 00 19 ee 02 1c
00 01 2d 01 01 00 00 00 01 2d 01 18 f6 81 b3 26 00 04 80 0c 01 78 40 21 07 00 21 00 19 ee 02 1c
13 01 2d 01 01 00 00 00 01 2d 4d 18 f6 81 b3 26 a0 0c 80 2c 01 00 80 21 03 00 29 00 19 ee 02 1c
0a 01 62 01 01 00 00 00 01 62 29 18 f6 81 b3 26 40 03 80 0c 01 08 40 21 03 00 21 00 19 ee 02 1c
07 01 81 01 01 00 00 00 01 81 1d 18 f6 81 b3 26 e0 01 80 1c 04 00 50 00 83 00 21 00 18 ee 02 1c
07 01 81 02 01 00 00 00 01 81 1e 18 f6 81 b3 26 60 01 80 1c 03 00 50 00 83 00 21 00 18 ee 02 1c
00 01 63 03 01 00 00 00 01 63 03 18 f6 81 b3 26 80 03 80 0c 01 10 40 21 03 00 21 00 19 ee 02 1c
07 01 01 00 01 00 00 00 01 01 1c 18 f6 81 b3 26 20 01 80 1c 03 00 50 00 83 00 21 00 18 ee 02 1c
07 01 81 00 01 00 00 00 01 81 1c 18 f6 81 b3 26 60 01 80 1c 03 00 50 00 83 00 21 00 18 ee 02 1c
06 01 21 01 01 00 00 00 01 21 19 18 f6 81 b3 26 c0 03 80 00 04 18 00 22 03 00 21 00 19 ee 02 1c
07 01 31 01 01 00 00 00 01 31 1d 06 f6 81 b3 26 e0 01 80 1c 04 00 50 00 83 00 21 00 18 ee 02 1c
07 01 b1 01 01 81 b3 26 01 b1 1d 06 f6 81 b3 26 20 01 80 1c 03 00 50 00 83 00 21 00 30 ee 02 1c
07 01 31 02 01 00 00 00 01 31 1e 06 f6 81 b3 26 e0 01 80 1c 05 00 50 00 83 00 21 00 18 ee 02 1c
