
===================================================================================
  B887 NR5G MAC PDSCH — Parsed Records
===================================================================================
   Pkt   Rec   Ver   Slot   Frame      SCS   CID Phy Cell ID     NR-ARFCN  TB Size   MCS   Num RBs   HARQ    K1
   ---   ---   ---   ----   -----      ---   --- -----------     --------  -------   ---   -------   ----    --
     0     0     3      7     257    30kHz     0      502       634080       11     7         3      0     1
     1     0     3      0     355    30kHz     0      502       634080       28     3         1      5     5
     2     0     3      0     435    30kHz     0      502       634080       28     3         1      6     5
     3     0     3      0     441    30kHz     0      502       634080       28     3         1      7     5
     4     0     3     12     441    30kHz     0      502       634080      101    12         1      8    12
     5     0     3      8     442    30kHz     0      502       634080      101    11         1      9     7
     6     0     3      9     443    30kHz     0      502       634080      165    17         1     10     6
     7     0     3     13     443    30kHz     0      502       634080       88    16         2     11    11
     8     0     3      1     445    30kHz     0      502       634080       28     3         1     12     4
     9     0     3     18     445    30kHz     0      502       634080      101    11         1     13     7
    10     0     3      7     513    30kHz     0      502       634080       11     7         3      0     1
    11     0     3      7     641    30kHz     0      502       634080       11     7         3      0     1
    12     0     3      7     769    30kHz     0      502       634080       15     7         4      0     1
    13     0     3      0     867    30kHz     0      502       634080       28     3         1     14     5
    14     0     3      7       1    30kHz     0      502       634080       15     7         5      0     1
    15     0     3      7     129    30kHz     0      502       634080        9     7         3      0     1
    16     0     3     11     219    30kHz     0      502       634080       28     3         1     15     4
    17     0     3      1     220    30kHz     0      502       634080      111    12         1      0     4
    18     0     3      8     220    30kHz     0      502       634080      101    11         1      1     7
    18     1     3     10     220    30kHz   129      502       634080      111    12         1      0     5
    19     0     3      8     221    30kHz     0      502       634080      106    22         1      2     6
    20     0     3     10     222    30kHz     0      502       634080       28     3         1      3     5
    21     0     3      9     231    30kHz     0      502       634080      528    17         3      4     6
    22     0     3     10     234    30kHz     0      502       634080       28     3         1      5     5
    23     0     3      9     235    30kHz     0      502       634080      101    10         1      6     6
    24     0     3      7     257    30kHz     0      502       634080        9     7         3      0     1
    25     0     3      0     355    30kHz     0      502       634080       28     3         1      7     5
    26     0     3      7     385    30kHz     0      502       634080       11     7         3      0     1
    27     0     3      0     411    30kHz     0      502       634080       28     3         1      8     5
    28     0     3     10     411    30kHz     0      502       634080      123    12         1      9     5
    28     1     3     12     411    30kHz   129      502       634080      111    13         1     10    12
    29     0     3     10     414    30kHz     0      502       634080       32     3         1     11     5
    30     0     3      6     421    30kHz     0      502       634080      177    18         1     12     8
    30     1     3      8     421    30kHz   129      502       634080       96     3         4     13     7
    31     0     3      0     423    30kHz     0      502       634080       28     3         1     14     5
    32     0     3     19     423    30kHz     0      502       634080      111    12         1     15     6
    33     0     3     10     424    30kHz     0      502       634080      111    30         1     15     5
    33     1     3     11     424    30kHz   129      502       634080       32     3         1      0     4
    34     0     3      0     867    30kHz     0      502       634080       32     3         1      1     5
    35     0     3      0     227    30kHz     0      502       634080       28     3         1      2     5
    36     0     3      0     230    30kHz     0      502       634080      111    12         1      3     5
    37     0     3      0     355    30kHz     0      502       634080       32     3         1      4     5
    38     0     3      0     387    30kHz     0      502       634080       28     3         1      5     5
    39     0     3      1     388    30kHz     0      502       634080      111    12         1      6     4
    40     0     3     10     389    30kHz     0      502       634080       28     3         1      7     5
    41     0     3     13     394    30kHz     0      502       634080      169    20         3      8    11
    41     1     3     17     394    30kHz   129      502       634080      101    10         1      9     7
    42     0     3      9     395    30kHz     0      502       634080      169    31         1      8     6
    42     1     3     10     395    30kHz   129      502       634080      101    29         2      9     5
    43     0     3     10     398    30kHz     0      502       634080       28     3         1     10     5
    44     0     3     11     399    30kHz     0      502       634080      111    12         1     11     4
    45     0     3     10     823    30kHz     0      502       634080       28     3         1     12     5
    46     0     3     19     823    30kHz     0      502       634080      106    11         1     13     6
    47     0     3      8     824    30kHz     0      502       634080      101    10         1     14     7
    48     0     3     10     825    30kHz     0      502       634080       28     3         1     15     5
    49     0     3     13     831    30kHz     0      502       634080      165    15         4      0    11
    49     1     3     16     831    30kHz   129      502       634080      301    16         2      1     8
    50     0     3      9     832    30kHz     0      502       634080      165    30         1      0     6
    51     0     3     16     834    30kHz     0      502       634080      241    13         2      2     8
    51     1     3      0     835    30kHz   129      502       634080       28     3         1      3     5
    52     0     3      6     835    30kHz     0      502       634080      325    12         3      4     8
    52     1     3      9     835    30kHz   129      502       634080       92    12         1      5     6
    53     0     3      1     839    30kHz     0      502       634080       28     3         1      6     4
    54     0     3     12     839    30kHz     0      502       634080      111    13         1      7    12
    54     1     3     13     839    30kHz   129      502       634080     1377    10        51      8    11
    54     2     3     16     839    30kHz   129      502       634080     1409    15        10      9     8
    54     3     3     17     839    30kHz   129      502       634080     1537    15        11     10     7
    55     0     3      6     842    30kHz     0      502       634080       92    10         1     11     8
    55     1     3     10     842    30kHz   129      502       634080       28     3         1     12     5
    56     0     3      2     843    30kHz     0      502       634080      301    12         3     13    12
    57     0     3     19     843    30kHz     0      502       634080      301    30         3     13     6
    58     0     3     10     844    30kHz     0      502       634080       28     3         1     14     5
    59     0     3     10     846    30kHz     0      502       634080       28     3         1     15     5
    60     0     3     10     866    30kHz     0      502       634080       26     3         1      0     5
    61     0     3      7       1    30kHz     0      502       634080       11     7         3      0     1
    62     0     3      6      17    30kHz     0      502       634080     1441    13        12      1     8
    63     0     3     10      19    30kHz     0      502       634080       28     3         1      2     5
    63     1     3     16      19    30kHz   129      502       634080      421    15         3      3     8
    64     0     3      1      22    30kHz     0      502       634080       96     9         1      4     4
    65     0     3     10      22    30kHz     0      502       634080       28     3         1      5     5
    66     0     3     16      22    30kHz     0      502       634080       88     9         1      6     8
    67     0     3     10      48    30kHz     0      502       634080      111    12         1      7     5
    68     0     3      1      50    30kHz     0      502       634080       28     3         1      8     4
    69     0     3     11      51    30kHz     0      502       634080       28     3         1      9     4
    70     0     3     10      78    30kHz     0      502       634080      185    10         2     10     5
    71     0     3      1      80    30kHz     0      502       634080       28     3         1     11     4
    72     0     3     11      81    30kHz     0      502       634080       28     3         1     12     4
    73     0     3      6      97    30kHz     0      502       634080      116     3         4     13     8
    74     0     3     10      98    30kHz     0      502       634080       26     3         1     14     5
    75     0     3     18      98    30kHz     0      502       634080      123    12         1     15     7
    75     1     3     19      98    30kHz   129      502       634080       96     9         1      0     6
    76     0     3      7     129    30kHz     0      502       634080        9     7         3      0     1
    77     0     3      6     145    30kHz     0      502       634080     5252    14        40      1     8
    78     0     3     10     146    30kHz     0      502       634080       26     3         1      2     5
    79     0     3      0     149    30kHz     0      502       634080       28     3         1      3     5
    80     0     3      6     177    30kHz     0      502       634080     6147    20        32      4     8
    81     0     3     19     177    30kHz     0      502       634080     6147    31        24      4     6
    82     0     3      0     181    30kHz     0      502       634080       28     3         1      5     5
    83     0     3      1     184    30kHz     0      502       634080      101    11         1      6     4
    84     0     3     10     188    30kHz     0      502       634080       28     3         1      7     5
    85     0     3     11     190    30kHz     0      502       634080      129    14         1      8     4
    85     1     3     12     190    30kHz   129      502       634080       84    10         1      9    12
    86     0     3      0     191    30kHz     0      502       634080      129    14         1      8     5
    87     0     3      0     192    30kHz     0      502       634080       28     3         1     10     5
    88     0     3     11     192    30kHz     0      502       634080      101    11         1     11     4
    89     0     3      6     194    30kHz     0      502       634080      285    15         2     12     8
    89     1     3     10     194    30kHz   129      502       634080       26     3         1     13     5
    90     0     3     16     194    30kHz     0      502       634080      123    13         1     14     8
    91     0     3     18     198    30kHz     0      502       634080      101    10         1     15     7
    91     1     3     19     198    30kHz   129      502       634080       96     9         1      0     6
    91     2     3      0     199    30kHz   129      502       634080       28     3         1      1     5
    92     0     3     12     199    30kHz     0      502       634080      111    13         1      2    12
    92     1     3     13     199    30kHz   129      502       634080     1441    13        41      3    11
    92     2     3     16     199    30kHz   129      502       634080     2754    17        17      4     8
    93     0     3      6     200    30kHz     0      502       634080      153    16         1      5     8
    94     0     3      0     202    30kHz     0      502       634080       28     3         1      6     5
    95     0     3      6     202    30kHz     0      502       634080      101    11         1      7     8
    95     1     3     13     202    30kHz   129      502       634080      209    15         5      8    11
    96     0     3     10     206    30kHz     0      502       634080       28     3         1      9     5
    97     0     3      7     209    30kHz     0      502       634080      672    17         5     10     7
    97     1     3      8     209    30kHz   129      502       634080       88    14         1     11     7
    98     0     3     10     210    30kHz     0      502       634080       26     3         1     12     5
    99     0     3     12     213    30kHz     0      502       634080      101    12         1     13    12
   100     0     3      0     355    30kHz     0      502       634080       28     3         1     14     5
   101     0     3      7     641    30kHz     0      502       634080        9     7         3      0     1
   102     0     3      6     673    30kHz     0      502       634080      157     4         4     15     8
   103     0     3      0     675    30kHz     0      502       634080       28     3         1      0     5
   104     0     3      6     705    30kHz     0      502       634080      253     6         4      1     8
   105     0     3     19     705    30kHz     0      502       634080      253    29         3      1     6
   106     0     3     10     708    30kHz     0      502       634080       28     3         1      2     5
   107     0     3     18     801    30kHz     0      502       634080       96    20         1      3     6
   108     0     3      0     867    30kHz     0      502       634080       28     3         1      4     5
   109     0     3      7       1    30kHz     0      502       634080       11     7         3      0     1
   110     0     3      6     177    30kHz     0      502       634080      253     6         4      5     8
   111     0     3      0     179    30kHz     0      502       634080       28     3         1      6     5
   112     0     3     10     184    30kHz     0      502       634080       28     3         1      7     5
   113     0     3      7     257    30kHz     0      502       634080       21     7         7      0     1
   114     0     3     10     339    30kHz     0      502       634080       28     3         1      8     5
   115     0     3     18     339    30kHz     0      502       634080      111    12         1      9     7
   116     0     3      7     340    30kHz     0      502       634080      111    12         1     10     7
   117     0     3     10     341    30kHz     0      502       634080       28     3         1     11     5
   118     0     3     18     342    30kHz     0      502       634080      123    24         1     12     6
   119     0     3      9     343    30kHz     0      502       634080       32     3         1     13     6
   120     0     3      3     347    30kHz     0      502       634080      169    20         3     14    11
   121     0     3      7     347    30kHz     0      502       634080      101    10         1     15     7
   122     0     3     18     347    30kHz     0      502       634080      129    13         1      0     7
   122     1     3     19     347    30kHz   129      502       634080       92    10         1      1     6
   123     0     3     10     348    30kHz     0      502       634080       28     3         1      2     5
   124     0     3      8     349    30kHz     0      502       634080      101    11         1      3     7
   125     0     3      1     350    30kHz     0      502       634080       28     3         1      4     4
   126     0     3      8     351    30kHz     0      502       634080      101    10         1      5     7
   126     1     3     11     351    30kHz   129      502       634080       28     3         1      6     4
   127     0     3     10     354    30kHz     0      502       634080       26     3         1      7     5
   128     0     3      7     513    30kHz     0      502       634080        9     7         3      0     1
   129     0     3      7     641    30kHz     0      502       634080        9     7         3      0     1
   130     0     3      0     867    30kHz     0      502       634080       28     3         1      8     5
   131     0     3     10     878    30kHz     0      502       634080       28     3         1      9     5
   132     0     3     10     881    30kHz     0      502       634080      111    12         1     10     5
   133     0     3      7     897    30kHz     0      502       634080        9     7         3      0     1
   134     0     3      7     129    30kHz     0      502       634080        9     7         3      0     1
   135     0     3      0     355    30kHz     0      502       634080       28     3         1     11     5
   136     0     3      7     641    30kHz     0      502       634080       11     7         3      0     1
   137     0     3      0     845    30kHz     0      502       634080       28     3         1     12     5
   138     0     3     13     847    30kHz     0      502       634080       84    15         2     13    11
   139     0     3      0     849    30kHz     0      502       634080       28     3         1     14     5
   140     0     3     10     866    30kHz     0      502       634080       26     3         1     15     5
   141     0     3      7     129    30kHz     0      502       634080       11     7         3      0     1
   142     0     3     19     193    30kHz     0      502       634080      141     7         2      0     6
   143     0     3     16     202    30kHz     0      502       634080      469    10         5      1     8
   144     0     3      0     203    30kHz     0      502       634080       28     3         1      2     5
   145     0     3      7     203    30kHz     0      502       634080      233     8         3      3     7
   146     0     3      9     209    30kHz     0      502       634080      129     8         2      4     6
   146     1     3     11     209    30kHz   129      502       634080     1313    14        10      5     4
   146     2     3     13     209    30kHz   129      502       634080     3009     9       120      6    11
   147     0     3     10     211    30kHz     0      502       634080       28     3         1      7     5
   148     0     3     19     211    30kHz     0      502       634080      301    11         3      8     6
   149     0     3      1     213    30kHz     0      502       634080       28     3         1      9     4
   150     0     3      7     257    30kHz     0      502       634080       11     7         3      0     1
   151     0     3      2     291    30kHz     0      502       634080       26     3         1     10    12
   152     0     3      0     292    30kHz     0      502       634080      111    12         1     11     5
   153     0     3     10     294    30kHz     0      502       634080       28     3         1     12     5
   154     0     3      1     299    30kHz     0      502       634080      165    17         1     13     4
   155     0     3      6     299    30kHz     0      502       634080       92    10         1     14     8
   156     0     3      0     301    30kHz     0      502       634080       32     3         1     15     5
   157     0     3     19     301    30kHz     0      502       634080      101    11         1      0     6
   158     0     3     10     354    30kHz     0      502       634080       26     3         1      1     5
   159     0     3      7     385    30kHz     0      502       634080       15     7         4      0     1
   160     0     3      7     641    30kHz     0      502       634080       11     7         3      0     1
   161     0     3      0     867    30kHz     0      502       634080       28     3         1      2     5
   162     0     3      7       1    30kHz     0      502       634080        9     7         3      0     1
   163     0     3      7     129    30kHz     0      502       634080       11     7         3      0     1
   164     0     3      6     289    30kHz     0      502       634080       30     0         4      3     8
   165     0     3      7     305    30kHz     0      502       634080       15     7         4      0     1
   165     1     3      7     433    30kHz   129      502       634080        9     7         3      0     1
   166     0     3      7     561    30kHz     0      502       634080       15     7         5      0     1

  Total records : 195
  Version 3     : 195 record(s), MCS in [0, 3, 4, 6, 7, 8, 9, 10, 11, 12, 13, 14, 15, 16, 17, 18, 20, 22, 24, 29, 30, 31]
  Overall MCS   : min=0, max=31, avg=8.79
===================================================================================

