
===================================================================================
  B887 NR5G MAC PDSCH — Parsed Records
===================================================================================
   Pkt   Rec   Ver   Slot   Frame      SCS   CID   TB Size   MCS   Num RBs   HARQ    K1
   ---   ---   ---   ----   -----      ---   ---   -------   ---   -------   ----    --
     0     0     2      7     257    30kHz     0        11     7         3      0     1
     1     0     2      0     355   120kHz     0        28     3         1      5     5
     2     0     2      0     435   120kHz     0        28     3         1      6     5
     3     0     2      0     441    30kHz     0        28     3         1      7     5
     4     0     2     12     441    30kHz     0       101    12         1      8    12
     5     0     2      8     442    60kHz     0       101    11         1      9     7
     6     0     2      9     443   120kHz     0       165    17         1     10     6
     7     0     2     13     443   120kHz     0        88    16         2     11    11
     8     0     2      1     445      mu5     0        28     3         1     12     4
     9     0     2     18     445      mu5     0       101    11         1     13     7
    10     0     2      7     513    30kHz     0        11     7         3      0     1
    11     0     2      7     641    30kHz     0        11     7         3      0     1
    12     0     2      7     769    30kHz     0        15     7         4      0     1
    13     0     2      0     867   120kHz     0        28     3         1     14     5
    14     0     2      7       1    30kHz     0        15     7         5      0     1
    15     0     2      7     129    30kHz     0         9     7         3      0     1
    16     0     2     11     219   120kHz     0        28     3         1     15     4
    17     0     2      1     220      mu4     0       111    12         1      0     4
    18     0     2      8     220      mu4     0       101    11         1      1     7
    18     1     2     10     220      mu4   129       111    12         1      0     5
    19     0     2      8     221      mu5     0       106    22         1      2     6
    20     0     2     10     222      mu6     0        28     3         1      3     5
    21     0     2      9     231      mu7     0       528    17         3      4     6
    22     0     2     10     234    60kHz     0        28     3         1      5     5
    23     0     2      9     235   120kHz     0       101    10         1      6     6
    24     0     2      7     257    30kHz     0         9     7         3      0     1
    25     0     2      0     355   120kHz     0        28     3         1      7     5
    26     0     2      7     385    30kHz     0        11     7         3      0     1
    27     0     2      0     411   120kHz     0        28     3         1      8     5
    28     0     2     10     411   120kHz     0       123    12         1      9     5
    28     1     2     12     411   120kHz   129       111    13         1     10    12
    29     0     2     10     414      mu6     0        32     3         1     11     5
    30     0     2      6     421      mu5     0       177    18         1     12     8
    30     1     2      8     421      mu5   129        96     3         4     13     7
    31     0     2      0     423      mu7     0        28     3         1     14     5
    32     0     2     19     423      mu7     0       111    12         1     15     6
    33     0     2     10     424    15kHz     0       111    30         1     15     5
    33     1     2     11     424    15kHz   129        32     3         1      0     4
    34     0     2      0     867   120kHz     0        32     3         1      1     5
    35     0     2      0     227   120kHz     0        28     3         1      2     5
    36     0     2      0     230      mu6     0       111    12         1      3     5
    37     0     2      0     355   120kHz     0        32     3         1      4     5
    38     0     2      0     387   120kHz     0        28     3         1      5     5
    39     0     2      1     388      mu4     0       111    12         1      6     4
    40     0     2     10     389      mu5     0        28     3         1      7     5
    41     0     2     13     394    60kHz     0       169    20         3      8    11
    41     1     2     17     394    60kHz   129       101    10         1      9     7
    42     0     2      9     395   120kHz     0       169    31         1      8     6
    42     1     2     10     395   120kHz   129       101    29         2      9     5
    43     0     2     10     398      mu6     0        28     3         1     10     5
    44     0     2     11     399      mu7     0       111    12         1     11     4
    45     0     2     10     823      mu7     0        28     3         1     12     5
    46     0     2     19     823      mu7     0       106    11         1     13     6
    47     0     2      8     824    15kHz     0       101    10         1     14     7
    48     0     2     10     825    30kHz     0        28     3         1     15     5
    49     0     2     13     831      mu7     0       165    15         4      0    11
    49     1     2     16     831      mu7   129       301    16         2      1     8
    50     0     2      9     832    15kHz     0       165    30         1      0     6
    51     0     2     16     834    60kHz     0       241    13         2      2     8
    51     1     2      0     835   120kHz   129        28     3         1      3     5
    52     0     2      6     835   120kHz     0       325    12         3      4     8
    52     1     2      9     835   120kHz   129        92    12         1      5     6
    53     0     2      1     839      mu7     0        28     3         1      6     4
    54     0     2     12     839      mu7     0       111    13         1      7    12
    54     1     2     13     839      mu7   129      1377    10        51      8    11
    54     2     2     16     839      mu7   129      1409    15        10      9     8
    54     3     2     17     839      mu7   129      1537    15        11     10     7
    55     0     2      6     842    60kHz     0        92    10         1     11     8
    55     1     2     10     842    60kHz   129        28     3         1     12     5
    56     0     2      2     843   120kHz     0       301    12         3     13    12
    57     0     2     19     843   120kHz     0       301    30         3     13     6
    58     0     2     10     844      mu4     0        28     3         1     14     5
    59     0     2     10     846      mu6     0        28     3         1     15     5
    60     0     2     10     866    60kHz     0        26     3         1      0     5
    61     0     2      7       1    30kHz     0        11     7         3      0     1
    62     0     2      6      17    30kHz     0      1441    13        12      1     8
    63     0     2     10      19   120kHz     0        28     3         1      2     5
    63     1     2     16      19   120kHz   129       421    15         3      3     8
    64     0     2      1      22      mu6     0        96     9         1      4     4
    65     0     2     10      22      mu6     0        28     3         1      5     5
    66     0     2     16      22      mu6     0        88     9         1      6     8
    67     0     2     10      48    15kHz     0       111    12         1      7     5
    68     0     2      1      50    60kHz     0        28     3         1      8     4
    69     0     2     11      51   120kHz     0        28     3         1      9     4
    70     0     2     10      78      mu6     0       185    10         2     10     5
    71     0     2      1      80    15kHz     0        28     3         1     11     4
    72     0     2     11      81    30kHz     0        28     3         1     12     4
    73     0     2      6      97    30kHz     0       116     3         4     13     8
    74     0     2     10      98    60kHz     0        26     3         1     14     5
    75     0     2     18      98    60kHz     0       123    12         1     15     7
    75     1     2     19      98    60kHz   129        96     9         1      0     6
    76     0     2      7     129    30kHz     0         9     7         3      0     1
    77     0     2      6     145    30kHz     0      5252    14        40      1     8
    78     0     2     10     146    60kHz     0        26     3         1      2     5
    79     0     2      0     149      mu5     0        28     3         1      3     5
    80     0     2      6     177    30kHz     0      6147    20        32      4     8
    81     0     2     19     177    30kHz     0      6147    31        24      4     6
    82     0     2      0     181      mu5     0        28     3         1      5     5
    83     0     2      1     184    15kHz     0       101    11         1      6     4
    84     0     2     10     188      mu4     0        28     3         1      7     5
    85     0     2     11     190      mu6     0       129    14         1      8     4
    85     1     2     12     190      mu6   129        84    10         1      9    12
    86     0     2      0     191      mu7     0       129    14         1      8     5
    87     0     2      0     192    15kHz     0        28     3         1     10     5
    88     0     2     11     192    15kHz     0       101    11         1     11     4
    89     0     2      6     194    60kHz     0       285    15         2     12     8
    89     1     2     10     194    60kHz   129        26     3         1     13     5
    90     0     2     16     194    60kHz     0       123    13         1     14     8
    91     0     2     18     198      mu6     0       101    10         1     15     7
    91     1     2     19     198      mu6   129        96     9         1      0     6
    91     2     2      0     199      mu7   129        28     3         1      1     5
    92     0     2     12     199      mu7     0       111    13         1      2    12
    92     1     2     13     199      mu7   129      1441    13        41      3    11
    92     2     2     16     199      mu7   129      2754    17        17      4     8
    93     0     2      6     200    15kHz     0       153    16         1      5     8
    94     0     2      0     202    60kHz     0        28     3         1      6     5
    95     0     2      6     202    60kHz     0       101    11         1      7     8
    95     1     2     13     202    60kHz   129       209    15         5      8    11
    96     0     2     10     206      mu6     0        28     3         1      9     5
    97     0     2      7     209    30kHz     0       672    17         5     10     7
    97     1     2      8     209    30kHz   129        88    14         1     11     7
    98     0     2     10     210    60kHz     0        26     3         1     12     5
    99     0     2     12     213      mu5     0       101    12         1     13    12
   100     0     2      0     355   120kHz     0        28     3         1     14     5
   101     0     2      7     641    30kHz     0         9     7         3      0     1
   102     0     2      6     673    30kHz     0       157     4         4     15     8
   103     0     2      0     675   120kHz     0        28     3         1      0     5
   104     0     2      6     705    30kHz     0       253     6         4      1     8
   105     0     2     19     705    30kHz     0       253    29         3      1     6
   106     0     2     10     708      mu4     0        28     3         1      2     5
   107     0     2     18     801    30kHz     0        96    20         1      3     6
   108     0     2      0     867   120kHz     0        28     3         1      4     5
   109     0     2      7       1    30kHz     0        11     7         3      0     1
   110     0     2      6     177    30kHz     0       253     6         4      5     8
   111     0     2      0     179   120kHz     0        28     3         1      6     5
   112     0     2     10     184    15kHz     0        28     3         1      7     5
   113     0     2      7     257    30kHz     0        21     7         7      0     1
   114     0     2     10     339   120kHz     0        28     3         1      8     5
   115     0     2     18     339   120kHz     0       111    12         1      9     7
   116     0     2      7     340      mu4     0       111    12         1     10     7
   117     0     2     10     341      mu5     0        28     3         1     11     5
   118     0     2     18     342      mu6     0       123    24         1     12     6
   119     0     2      9     343      mu7     0        32     3         1     13     6
   120     0     2      3     347   120kHz     0       169    20         3     14    11
   121     0     2      7     347   120kHz     0       101    10         1     15     7
   122     0     2     18     347   120kHz     0       129    13         1      0     7
   122     1     2     19     347   120kHz   129        92    10         1      1     6
   123     0     2     10     348      mu4     0        28     3         1      2     5
   124     0     2      8     349      mu5     0       101    11         1      3     7
   125     0     2      1     350      mu6     0        28     3         1      4     4
   126     0     2      8     351      mu7     0       101    10         1      5     7
   126     1     2     11     351      mu7   129        28     3         1      6     4
   127     0     2     10     354    60kHz     0        26     3         1      7     5
   128     0     2      7     513    30kHz     0         9     7         3      0     1
   129     0     2      7     641    30kHz     0         9     7         3      0     1
   130     0     2      0     867   120kHz     0        28     3         1      8     5
   131     0     2     10     878      mu6     0        28     3         1      9     5
   132     0     2     10     881    30kHz     0       111    12         1     10     5
   133     0     2      7     897    30kHz     0         9     7         3      0     1
   134     0     2      7     129    30kHz     0         9     7         3      0     1
   135     0     2      0     355   120kHz     0        28     3         1     11     5
   136     0     2      7     641    30kHz     0        11     7         3      0     1
   137     0     2      0     845      mu5     0        28     3         1     12     5
   138     0     2     13     847      mu7     0        84    15         2     13    11
   139     0     2      0     849    30kHz     0        28     3         1     14     5
   140     0     2     10     866    60kHz     0        26     3         1     15     5
   141     0     2      7     129    30kHz     0        11     7         3      0     1
   142     0     2     19     193    30kHz     0       141     7         2      0     6
   143     0     2     16     202    60kHz     0       469    10         5      1     8
   144     0     2      0     203   120kHz     0        28     3         1      2     5
   145     0     2      7     203   120kHz     0       233     8         3      3     7
   146     0     2      9     209    30kHz     0       129     8         2      4     6
   146     1     2     11     209    30kHz   129      1313    14        10      5     4
   146     2     2     13     209    30kHz   129      3009     9       120      6    11
   147     0     2     10     211   120kHz     0        28     3         1      7     5
   148     0     2     19     211   120kHz     0       301    11         3      8     6
   149     0     2      1     213      mu5     0        28     3         1      9     4
   150     0     2      7     257    30kHz     0        11     7         3      0     1
   151     0     2      2     291   120kHz     0        26     3         1     10    12
   152     0     2      0     292      mu4     0       111    12         1     11     5
   153     0     2     10     294      mu6     0        28     3         1     12     5
   154     0     2      1     299   120kHz     0       165    17         1     13     4
   155     0     2      6     299   120kHz     0        92    10         1     14     8
   156     0     2      0     301      mu5     0        32     3         1     15     5
   157     0     2     19     301      mu5     0       101    11         1      0     6
   158     0     2     10     354    60kHz     0        26     3         1      1     5
   159     0     2      7     385    30kHz     0        15     7         4      0     1
   160     0     2      7     641    30kHz     0        11     7         3      0     1
   161     0     2      0     867   120kHz     0        28     3         1      2     5
   162     0     2      7       1    30kHz     0         9     7         3      0     1
   163     0     2      7     129    30kHz     0        11     7         3      0     1
   164     0     2      6     289    30kHz     0        30     0         4      3     8
   165     0     2      7     305    30kHz     0        15     7         4      0     1
   165     1     2      7     433    30kHz   129         9     7         3      0     1
   166     0     2      7     561    30kHz     0        15     7         5      0     1

  Total records : 195
  Version 2     : 195 record(s), MCS in [0, 3, 4, 6, 7, 8, 9, 10, 11, 12, 13, 14, 15, 16, 17, 18, 20, 22, 24, 29, 30, 31]
  Overall MCS   : min=0, max=31, avg=8.79
===================================================================================

