0a 01 01 00 01 00 00 00 07 01 28 18 f6 81 b3 26 60 01 80 1c 03 00 50 00 83 00 41 00
00 01 e3 00 01 00 00 00 07 e3 00 18 f6 81 b3 26 80 03 80 0c 01 78 40 21 07 00 41 00
0a 01 01 01 01 00 00 00 07 01 29 18 f6 81 b3 26 e0 01 80 1c 04 00 50 00 83 00 c1 00
0a 01 81 02 01 00 00 00 07 81 2a 18 f6 81 b3 26 60 01 80 1c 03 00 50 00 83 00 41 00
13 01 90 02 01 00 00 00 07 90 4e 18 f6 81 b3 26 20 14 80 14 03 00 80 21 03 00 45 00
00 01 91 02 01 00 00 00 07 91 02 18 f6 81 b3 26 20 07 80 0c 02 08 40 21 03 00 41 00
01 01 91 02 01 00 00 00 07 91 06 18 f6 81 b3 26 80 03 80 0c 01 10 00 21 03 00 41 00
02 01 91 02 01 00 00 00 07 91 0a 18 f6 81 b3 26 a0 0c 80 30 01 18 00 23 03 00 49 00
01 01 93 02 01 00 00 00 07 93 06 18 f6 81 b3 26 80 03 80 0c 01 20 00 21 03 00 c1 00
10 01 93 02 01 00 00 00 07 93 42 18 f6 81 b3 26 00 0b 80 24 01 28 00 22 03 00 c5 00
00 01 94 02 01 00 00 00 07 94 02 18 f6 81 b3 26 00 0b 80 24 01 30 40 21 03 00 c5 00
0a 01 95 02 01 00 00 00 07 95 2a 18 f6 81 b3 26 80 03 80 0c 01 38 40 21 03 00 c1 00
13 01 c0 02 01 00 00 00 07 c0 4e 18 f6 81 b3 26 a0 1f 80 18 03 40 80 41 03 00 c5 00
00 01 c1 02 01 00 00 00 07 c1 02 18 f6 81 b3 26 80 0e 80 10 02 48 40 41 03 00 c1 00
01 01 c1 02 01 00 00 00 07 c1 06 18 f6 81 b3 26 80 09 80 14 01 50 00 41 03 00 c5 00
02 01 c1 02 01 00 00 00 07 c1 0a 18 f6 81 b3 26 00 05 80 0c 01 58 00 43 03 00 c1 00
0a 01 c2 02 01 00 00 00 07 c2 2a 18 f6 81 b3 26 00 05 80 0c 01 60 40 41 03 00 c1 00
0a 01 c6 02 01 00 00 00 07 c6 2a 18 f6 81 b3 26 c0 03 80 08 01 68 40 41 03 00 c1 00
0b 01 c6 02 01 00 00 00 07 c6 2e 18 f6 81 b3 26 00 0c 80 1c 01 70 00 41 03 00 c5 00
01 01 c8 02 01 00 00 00 07 c8 06 18 f6 81 b3 26 c0 03 80 08 01 78 00 41 03 00 c1 00
07 01 c9 02 01 00 00 00 07 c9 1e 18 f6 81 b3 26 80 0a 80 18 01 00 c0 41 07 00 c5 00
08 01 c9 02 01 00 00 00 07 c9 22 18 f6 81 b3 26 80 09 80 14 01 08 c0 41 07 00 c5 00
0a 01 e2 02 01 00 00 00 07 e2 2a 18 f6 81 b3 26 40 03 80 0c 01 10 40 21 07 00 c1 00
0a 01 1d 03 01 00 00 00 07 1d 2b 18 f6 81 b3 26 60 01 80 1c 03 00 50 00 83 00 c1 00
0a 01 81 03 01 00 00 00 07 81 2b 18 f6 81 b3 26 60 01 80 1c 03 00 50 00 83 00 41 00
09 01 d1 03 01 00 00 00 07 d1 27 18 f6 81 b3 26 00 04 80 10 01 18 80 21 07 00 41 00
09 01 f1 03 01 00 00 00 07 f1 27 18 f6 81 b3 26 80 04 80 0c 01 20 80 41 07 00 c1 00
09 01 31 00 01 00 00 00 07 31 24 18 f6 81 b3 26 80 04 80 0c 01 28 80 41 07 00 c1 00
09 01 51 00 01 00 00 00 07 51 24 18 f6 81 b3 26 00 04 80 10 01 30 80 21 07 00 c1 00
00 01 e3 00 01 00 00 00 07 e3 00 18 f6 81 b3 26 80 05 80 0c 01 38 40 41 c6 00 40 00
0a 01 e3 00 01 00 00 00 07 e3 28 18 f6 81 b3 26 80 05 80 0c 01 3c 40 41 04 81 c1 00
00 01 e4 00 01 00 00 00 07 e4 00 18 f6 81 b3 26 80 05 80 0c 01 3e 40 41 05 82 c1 00
13 01 c0 02 01 00 00 00 07 c0 4e 18 f6 81 b3 26 80 03 80 0c 01 40 80 21 07 00 41 00
00 01 c1 02 01 00 00 00 07 c1 02 18 f6 81 b3 26 80 03 80 0c 01 48 40 21 07 00 41 00
0b 01 02 03 01 00 00 00 07 02 2f 06 f6 81 b3 26 a0 12 80 08 25 00 48 00 07 00 41 00
0c 01 02 03 01 00 00 00 07 02 33 06 f6 81 b3 26 a0 12 80 08 25 00 48 00 cd 01 41 00
0a 01 1d 03 01 00 00 00 07 1d 2b 06 f6 81 b3 26 60 01 80 1c 03 00 50 00 83 00 41 00
07 01 9d 03 01 00 00 00 07 9d 1f 06 f6 81 b3 26 60 01 80 1c 03 00 50 00 83 00 41 00
07 01 1d 00 01 00 00 00 07 1d 1c 06 f6 81 b3 26 e0 01 80 1c 04 00 50 00 83 00 41 00
07 01 9d 00 01 00 00 00 07 9d 1c 06 f6 81 b3 26 60 01 80 1c 03 00 50 00 83 00 41 00
07 01 1d 01 01 00 00 00 07 1d 1d 06 f6 81 b3 26 e0 01 80 1c 04 00 50 00 83 00 41 00
0a 01 1d 02 01 00 00 00 07 1d 2a 06 f6 81 b3 26 60 01 80 1c 03 00 50 00 83 00 41 00
07 01 1d 03 01 00 00 00 07 1d 1f 06 f6 81 b3 26 60 01 80 1c 03 00 50 00 83 00 41 00
07 01 9d 03 01 00 00 00 07 9d 1f 06 f6 81 b3 26 e0 01 80 1c 04 00 50 00 83 00 41 00
07 01 1d 00 01 00 00 00 07 1d 1c 06 f6 81 b3 26 60 01 80 1c 03 00 50 00 83 00 41 00
07 01 9d 00 01 00 00 00 07 9d 1c 06 f6 81 b3 26 e0 01 80 1c 04 00 50 00 83 00 41 00
07 01 1d 01 01 00 00 00 07 1d 1d 06 f6 81 b3 26 60 01 80 1c 03 00 50 00 83 00 41 00
0a 01 9d 01 01 00 00 00 07 9d 29 06 f6 81 b3 26 e0 02 80 1c 06 00 50 00 83 00 41 00
00 01 0c 02 01 00 00 00 07 0c 02 18 f6 81 b3 26 20 07 80 00 10 00 60 00 83 00 c1 00
13 01 0c 02 01 00 00 00 07 0c 4e 18 f6 81 b3 26 00 6a 80 20 30 00 84 01 03 00 c1 00
0d 01 0f 02 01 00 00 00 07 0f 36 18 f6 81 b3 26 80 03 80 18 06 08 c0 02 03 00 c1 00
08 01 11 02 01 00 00 00 07 11 22 18 f6 81 b3 26 40 03 80 14 03 10 c0 01 03 00 c1 00
12 01 12 02 01 00 00 00 07 12 4a 18 f6 81 b3 26 00 6a 80 20 30 18 c0 01 03 00 c1 00
0a 01 16 02 01 00 00 00 07 16 2a 18 f6 81 b3 26 20 15 80 00 30 20 40 01 03 00 c1 00
0a 01 17 02 01 00 00 00 07 17 2a 18 f6 81 b3 26 c0 04 80 10 02 28 40 01 03 00 c1 00
00 01 18 02 01 00 00 00 07 18 02 18 f6 81 b3 26 80 30 80 1c 0b 30 40 01 03 00 c5 00
00 01 1b 02 01 00 00 00 07 1b 02 18 f6 81 b3 26 c0 03 80 18 01 38 40 01 03 00 c5 00
0a 01 1b 02 01 00 00 00 07 1b 2a 18 f6 81 b3 26 c0 03 80 18 01 40 40 01 03 00 c5 00
01 01 1c 02 01 00 00 00 07 1c 06 18 f6 81 b3 26 20 bc 80 1c 2c 48 00 01 03 00 c5 00
02 01 1c 02 01 00 00 00 07 1c 0a 18 f6 81 b3 26 20 90 80 1c 25 50 00 03 03 00 c5 00
07 01 1c 02 01 00 00 00 07 1c 1e 18 f6 81 b3 26 40 70 81 1c 55 58 c0 01 03 00 c5 00
0b 01 1e 02 01 00 00 00 07 1e 2e 18 f6 81 b3 26 20 19 80 20 05 60 00 01 03 00 c5 00
00 01 1f 02 01 00 00 00 07 1f 02 18 f6 81 b3 26 20 19 80 20 05 68 40 01 03 00 c5 00
01 01 1f 02 01 00 00 00 07 1f 06 18 f6 81 b3 26 00 0b 80 24 02 70 00 01 03 00 c5 00
0a 01 1f 02 01 00 00 00 07 1f 2a 18 f6 81 b3 26 40 0d 80 1c 03 78 40 01 03 00 c5 00
02 01 21 02 01 00 00 00 07 21 0a 18 f6 81 b3 26 80 03 80 18 01 00 00 03 07 00 c5 00
13 01 21 02 01 00 00 00 07 21 4e 18 f6 81 b3 26 00 46 80 24 0d 08 80 01 07 00 c5 00
01 01 27 02 01 00 00 00 07 27 06 18 f6 81 b3 26 c0 03 80 08 01 10 00 41 07 00 c1 00
0b 01 27 02 01 00 00 00 07 27 2e 18 f6 81 b3 26 40 0d 80 20 01 18 00 41 07 00 c5 00
0a 01 29 02 01 00 00 00 07 29 2a 18 f6 81 b3 26 c0 03 80 08 01 20 40 41 07 00 c1 00
02 01 2a 02 01 00 00 00 07 2a 0a 18 f6 81 b3 26 a0 0c 80 20 01 28 00 43 07 00 c5 00
09 01 2a 02 01 00 00 00 07 2a 26 18 f6 81 b3 26 a0 f0 82 38 32 30 80 21 06 00 c9 00
00 01 2b 02 01 00 00 00 07 2b 02 18 f6 81 b3 26 a0 f0 82 78 26 34 40 21 05 81 c9 00
06 01 2f 02 01 00 00 00 07 2f 1a 18 f6 81 b3 26 00 52 80 34 04 38 00 42 07 00 c9 00
0a 01 2f 02 01 00 00 00 07 2f 2a 18 f6 81 b3 26 c0 03 80 08 01 40 40 41 07 00 c1 00
03 01 30 02 01 00 00 00 07 30 0e 18 f6 81 b3 26 20 bc 80 30 37 48 c0 22 07 00 c9 00
11 01 30 02 01 00 00 00 07 30 46 18 f6 81 b3 26 20 10 80 28 01 50 c0 41 07 00 c5 00
01 01 31 02 01 00 00 00 07 31 06 18 f6 81 b3 26 c0 03 80 08 01 58 00 41 07 00 c1 00
0b 01 32 02 01 00 00 00 07 32 2e 18 f6 81 b3 26 a0 0c 80 20 01 60 00 41 07 00 c5 00
11 01 33 02 01 00 00 00 07 33 46 18 f6 81 b3 26 20 1b 80 20 02 68 c0 41 07 00 c5 00
10 01 34 02 01 00 00 00 07 34 42 18 f6 81 b3 26 80 05 80 0c 01 70 00 42 07 00 c1 00
02 01 3b 02 01 00 00 00 07 3b 0a 18 f6 81 b3 26 20 94 80 30 0d 78 00 23 07 00 c9 00
0a 01 3c 02 01 00 00 00 07 3c 2a 18 f6 81 b3 26 c0 03 80 08 01 00 40 41 03 00 c1 00
00 01 3f 02 01 00 00 00 07 3f 02 18 f6 81 b3 26 c0 03 80 08 01 08 40 41 03 00 c1 00
00 01 40 02 01 00 00 00 07 40 02 18 f6 81 b3 26 00 0c 80 1c 01 10 40 41 03 00 c5 00
09 01 44 02 01 00 00 00 07 44 26 18 f6 81 b3 26 a0 38 80 30 03 18 80 41 03 00 c9 00
12 01 4a 02 01 00 00 00 07 4a 4a 18 f6 81 b3 26 a0 38 80 30 03 20 c0 41 03 00 c9 00
00 01 4b 02 01 00 00 00 07 4b 02 18 f6 81 b3 26 c0 03 80 08 01 28 40 41 03 00 c1 00
0b 01 4c 02 01 00 00 00 07 4c 2e 18 f6 81 b3 26 80 05 80 0c 01 30 00 41 03 00 c1 00
01 01 4e 02 01 00 00 00 07 4e 06 18 f6 81 b3 26 40 0d 80 20 01 38 00 41 03 00 c5 00
01 01 4f 02 01 00 00 00 07 4f 06 18 f6 81 b3 26 80 05 80 0c 01 40 00 41 03 00 c1 00
0b 01 4f 02 01 00 00 00 07 4f 2e 18 f6 81 b3 26 40 0d 80 20 01 48 00 41 03 00 c5 00
10 01 58 02 01 00 00 00 07 58 42 18 f6 81 b3 26 a0 28 80 44 02 50 00 22 03 00 c9 00
00 01 5f 02 01 00 00 00 07 5f 02 18 f6 81 b3 26 80 03 80 0c 01 58 40 21 03 00 c1 00
00 01 67 02 01 00 00 00 07 67 02 18 f6 81 b3 26 80 03 80 0c 01 60 40 21 03 00 c1 00
03 01 6a 02 01 00 00 00 07 6a 0e 18 f6 81 b3 26 00 0c 80 44 02 68 c0 22 02 00 c9 00
13 01 6a 02 01 00 00 00 07 6a 4e 18 f6 81 b3 26 00 0c 80 78 01 6c 80 21 01 81 c9 00
0a 01 6b 02 01 00 00 00 07 6b 2a 18 f6 81 b3 26 80 03 80 0c 01 70 40 21 03 00 c1 00
00 01 6c 02 01 00 00 00 07 6c 02 18 f6 81 b3 26 a0 0c 80 2c 01 78 40 21 03 00 c9 00
00 01 83 02 01 00 00 00 07 83 02 18 f6 81 b3 26 80 03 80 0c 01 00 40 21 07 00 c1 00
0a 01 83 02 01 00 00 00 07 83 2a 18 f6 81 b3 26 80 0b 80 28 01 08 40 21 07 00 c5 00
00 01 9b 02 01 00 00 00 07 9b 02 18 f6 81 b3 26 c0 03 80 08 01 10 40 41 07 00 c1 00
0a 01 9b 02 01 00 00 00 07 9b 2a 18 f6 81 b3 26 00 0c 80 1c 01 18 40 41 07 00 c5 00
00 01 b3 02 01 00 00 00 07 b3 02 18 f6 81 b3 26 80 03 80 0c 01 20 40 21 07 00 c1 00
0a 01 b3 02 01 00 00 00 07 b3 2a 18 f6 81 b3 26 a0 0c 80 2c 01 28 40 21 07 00 c9 00
0a 01 cb 02 01 00 00 00 07 cb 2a 18 f6 81 b3 26 80 03 80 0c 01 30 40 21 07 00 c1 00
0a 01 ce 02 01 00 00 00 07 ce 2a 18 f6 81 b3 26 80 0b 80 28 01 38 40 21 07 00 c5 00
00 01 e7 02 01 00 00 00 07 e7 02 18 f6 81 b3 26 c0 03 80 08 01 40 40 41 07 00 c1 00
01 01 ea 02 01 00 00 00 07 ea 06 18 f6 81 b3 26 40 0d 80 20 01 48 00 41 07 00 c5 00
0a 01 01 03 01 00 00 00 07 01 2b 18 f6 81 b3 26 e0 01 80 1c 04 00 50 00 83 00 c1 00
00 01 17 03 01 00 00 00 07 17 03 18 f6 81 b3 26 80 05 80 0c 01 50 40 41 07 00 c1 00
01 01 1a 03 01 00 00 00 07 1a 07 18 f6 81 b3 26 40 0d 80 20 01 58 00 41 07 00 c5 00
00 01 6f 03 01 00 00 00 07 6f 03 18 f6 81 b3 26 c0 03 80 08 01 60 40 41 07 00 c1 00
01 01 72 03 01 00 00 00 07 72 07 18 f6 81 b3 26 40 0d 80 20 01 68 00 41 07 00 c5 00
0a 01 01 00 01 00 00 00 07 01 28 18 f6 81 b3 26 e0 01 80 1c 04 00 50 00 83 00 41 00
0a 01 17 00 01 00 00 00 07 17 28 18 f6 81 b3 26 80 03 80 0c 01 70 40 21 07 00 41 00
0c 01 1a 00 01 00 00 00 07 1a 30 18 f6 81 b3 26 a0 0c 80 30 01 78 00 23 07 00 c9 00
00 01 1b 00 01 00 00 00 07 1b 00 18 f6 81 b3 26 80 03 80 0c 01 00 40 21 03 00 c1 00
00 01 57 00 01 00 00 00 07 57 00 18 f6 81 b3 26 80 03 80 0c 01 08 40 21 03 00 c1 00
02 01 5a 00 01 00 00 00 07 5a 08 18 f6 81 b3 26 a0 0c 80 30 01 10 00 23 03 00 c9 00
00 01 5b 00 01 00 00 00 07 5b 00 18 f6 81 b3 26 80 03 80 0c 01 18 40 21 03 00 c1 00
0b 01 5b 00 01 00 00 00 07 5b 2c 18 f6 81 b3 26 a0 0c 80 2c 01 20 00 21 03 00 c9 00
06 01 81 00 01 00 00 00 07 81 18 18 f6 81 b3 26 00 3c 80 34 04 28 00 22 03 00 c9 00
0a 01 81 00 01 00 00 00 07 81 28 18 f6 81 b3 26 60 01 80 1c 03 00 50 00 83 00 c1 00
0a 01 82 00 01 00 00 00 07 82 28 18 f6 81 b3 26 00 05 80 0c 01 30 40 41 03 00 c1 00
0b 01 85 00 01 00 00 00 07 85 2c 18 f6 81 b3 26 40 0d 80 20 01 38 00 41 03 00 c5 00
0a 01 1d 02 01 00 00 00 07 1d 2a 18 f6 81 b3 26 e0 02 80 1c 06 00 50 00 83 00 41 00
0a 01 27 02 01 00 00 00 07 27 2a 18 f6 81 b3 26 c0 03 80 18 01 40 40 01 03 00 45 00
0a 01 81 02 01 00 00 00 07 81 2a 18 f6 81 b3 26 60 01 80 1c 03 00 50 00 83 00 c1 00
0a 01 01 03 01 00 00 00 07 01 2b 18 f6 81 b3 26 e0 02 80 1c 06 00 50 00 83 00 41 00
0a 01 81 03 01 00 00 00 07 81 2b 18 f6 81 b3 26 60 01 80 1c 03 00 50 00 83 00 41 00
0a 01 01 00 01 00 00 00 07 01 28 18 f6 81 b3 26 e0 01 80 1c 04 00 50 00 83 00 41 00
0a 01 27 00 01 00 00 00 07 27 28 18 f6 81 b3 26 80 03 80 0c 01 48 40 21 03 00 41 00
06 01 71 00 01 00 00 00 07 71 18 18 f6 81 b3 26 c0 03 80 00 04 50 00 22 03 00 c1 00
0a 01 1d 01 01 00 00 00 07 1d 29 06 f6 81 b3 26 60 01 80 1c 03 00 50 00 83 00 41 00
0a 01 1d 02 01 00 00 00 07 1d 2a 06 f6 81 b3 26 e0 01 80 1c 04 00 50 00 83 00 41 00
