
===================================================================================================================
  B887 NR5G MAC PDSCH — Parsed Records with Hardware Timestamps
===================================================================================================================
  Timestamp                   Pkt   Rec  Ver   Slot   Frame      SCS   CID Phy Cell ID     NR-ARFCN  TB Size   MCS   Num RBs   HARQ    K1
  ---------                   ---   ---  ---   ----   -----      ---   --- -----------     --------  -------   ---   -------   ----    --
  2026-04-13 09:37:28.867565    0     0    2     10       1    30kHz     0      502       634080       11     7         3      0     1
  2026-04-13 09:37:31.124382    1     0    2      0     227    30kHz     0      502       634080       28     3         1     15     5
  2026-04-13 09:37:31.427569    2     0    2     10     257    30kHz     0      502       634080       15     7         4      0     1
  2026-04-13 09:37:35.267563    3     0    2     10     641    30kHz     0      502       634080       11     7         3      0     1
  2026-04-13 09:37:35.423318    4     0    2     19     656    30kHz     0      502       634080      161     5         3      0     6
  2026-04-13 09:37:35.423318    4     1    2      0     657    30kHz     0      502       634080       57     3         2      1     5
  2026-04-13 09:37:35.423318    4     2    2      1     657    30kHz     0      502       634080       28     3         1      2     4
  2026-04-13 09:37:35.423318    4     3    2      2     657    30kHz     0      502       634080      101    12         1      3    12
  2026-04-13 09:37:35.443312    5     0    2      1     659    30kHz     0      502       634080       28     3         1      4     4
  2026-04-13 09:37:35.451386    6     0    2     16     659    30kHz     0      502       634080       88     9         1      5     8
  2026-04-13 09:37:35.451386    6     1    2      0     660    30kHz     0      502       634080       88     9         1      6     5
  2026-04-13 09:37:35.467564    7     0    2     10     661    30kHz     0      502       634080       28     3         1      7     5
  2026-04-13 09:37:35.902563    8     0    2     19     704    30kHz     0      502       634080      253     6         3      8     6
  2026-04-13 09:37:35.902563    8     1    2      0     705    30kHz     0      502       634080      116     4         2      9     5
  2026-04-13 09:37:35.902563    8     2    2      1     705    30kHz     0      502       634080       76     5         1     10     4
  2026-04-13 09:37:35.902563    8     3    2      2     705    30kHz     0      502       634080       40     3         1     11    12
  2026-04-13 09:37:35.918308    9     0    2     10     706    30kHz     0      502       634080       40     3         1     12     5
  2026-04-13 09:37:35.958312   10     0    2     10     710    30kHz     0      502       634080       30     2         1     13     5
  2026-04-13 09:37:35.958312   10     1    2     11     710    30kHz     0      502       634080       96     7         1     14     4
  2026-04-13 09:37:35.974370   11     0    2      1     712    30kHz     0      502       634080       30     2         1     15     4
  2026-04-13 09:37:35.986397   12     0    2      7     713    30kHz     0      502       634080       84     6         1      0     7
  2026-04-13 09:37:35.986397   12     1    2      8     713    30kHz     0      502       634080       76     5         1      1     7
  2026-04-13 09:37:36.237560   13     0    2     10     738    30kHz     0      502       634080       26     3         1      2     5
  2026-04-13 09:37:36.827144   14     0    2     10     797    30kHz     0      502       634080       11     7         3      0     1
  2026-04-13 09:37:37.826423   15     0    2     10     897    30kHz     0      502       634080       11     7         3      0     1
  2026-04-13 09:37:38.627571   16     0    2      9     977    30kHz     0      502       634080       32     4         1      3     6
  2026-04-13 09:37:38.947585   17     0    2      9    1009    30kHz     0      502       634080       36     3         1      4     6
  2026-04-13 09:37:39.585467   18     0    2      9      49    30kHz     0      502       634080       36     3         1      5     6
  2026-04-13 09:37:39.907584   19     0    2      9      81    30kHz     0      502       634080       32     4         1      6     6
  2026-04-13 09:37:41.360433   20     0    2      0     227    30kHz     0      502       634080       44     3         1      7     5
  2026-04-13 09:37:41.368324   21     0    2     10     227    30kHz     0      502       634080       44     3         1      7     5
  2026-04-13 09:37:41.372557   22     0    2      0     228    30kHz     0      502       634080       44     3         1      7     5
  2026-04-13 09:37:46.143293   23     0    2     19     704    30kHz     0      502       634080       28     3         1      8     6
  2026-04-13 09:37:46.143293   23     1    2      0     705    30kHz     0      502       634080       28     3         1      9     5
  2026-04-13 09:37:46.797106   24     0    2     11     770    30kHz     0      502       634080      149     2        37      0     1
  2026-04-13 09:37:46.797106   24     1    2     12     770    30kHz     0      502       634080      149     2        37      0     1
  2026-04-13 09:37:47.067116   25     0    2     10     797    30kHz     0      502       634080       11     7         3      0     1
  2026-04-13 09:37:48.345306   26     0    2      7     925    30kHz     0      502       634080       11     7         3      0     1
  2026-04-13 09:37:49.624242   27     0    2      7      29    30kHz     0      502       634080       15     7         4      0     1
  2026-04-13 09:37:50.904227   28     0    2      7     157    30kHz     0      502       634080       11     7         3      0     1
  2026-04-13 09:37:52.187083   29     0    2      7     285    30kHz     0      502       634080       15     7         4      0     1
  2026-04-13 09:37:54.748160   30     0    2     10     541    30kHz     0      502       634080       11     7         3      0     1
  2026-04-13 09:37:57.304221   31     0    2      7     797    30kHz     0      502       634080       11     7         3      0     1
  2026-04-13 09:37:58.584209   32     0    2      7     925    30kHz     0      502       634080       15     7         4      0     1
  2026-04-13 09:38:01.143165   33     0    2      7      29    30kHz     0      502       634080       11     7         3      0     1
  2026-04-13 09:38:02.410271   34     0    2      7     157    30kHz     0      502       634080       15     7         4      0     1
  2026-04-13 09:38:02.426327   35     0    2      7     285    30kHz     0      502       634080       11     7         3      0     1
  2026-04-13 09:38:04.689199   36     0    2     10     413    30kHz     0      502       634080       23     7         6      0     1
  2026-04-13 09:38:04.814308   37     0    2      0     524    30kHz     0      502       634080       57     0        16      0     1
  2026-04-13 09:38:04.822148   38     0    2     19     524    30kHz     0      502       634080      848     8        48      0     6
  2026-04-13 09:38:04.850358   39     0    2     13     527    30kHz     0      502       634080       28     6         6      1    11
  2026-04-13 09:38:04.866333   40     0    2      8     529    30kHz     0      502       634080       26     5         3      2     7
  2026-04-13 09:38:04.882172   41     0    2     18     530    30kHz     0      502       634080      848     8        48      3     7
  2026-04-13 09:38:04.918268   42     0    2     10     534    30kHz     0      502       634080      169     0        48      4     5
  2026-04-13 09:38:04.926330   43     0    2     10     535    30kHz     0      502       634080       38     4         2      5     5
  2026-04-13 09:38:04.934303   44     0    2      0     536    30kHz     0      502       634080      388     7        11      6     5
  2026-04-13 09:38:04.962177   45     0    2      0     539    30kHz     0      502       634080       30     6         1      7     5
  2026-04-13 09:38:04.966341   46     0    2     10     539    30kHz     0      502       634080       30     6         1      8     5
  2026-04-13 09:38:04.974304   47     0    2      1     540    30kHz     0      502       634080     1505     7        44      9     4
  2026-04-13 09:38:04.974304   47     1    2      2     540    30kHz     0      502       634080     1153     7        37     10    12
  2026-04-13 09:38:04.974304   47     2    2      7     540    30kHz     0      502       634080     2946     7        85     11     7
  2026-04-13 09:38:04.998243   48     0    2     11     542    30kHz     0      502       634080      201     8         5     12     4
  2026-04-13 09:38:05.002505   49     0    2      0     543    30kHz     0      502       634080      201     8         5     13     5
  2026-04-13 09:38:05.002505   49     1    2      1     543    30kHz     0      502       634080       88     9         2     14     4
  2026-04-13 09:38:05.006330   50     0    2     10     543    30kHz     0      502       634080      106     7         3     15     5
  2026-04-13 09:38:05.022178   51     0    2      2     545    30kHz     0      502       634080       28     6         1      0    12
  2026-04-13 09:38:05.030390   52     0    2     19     545    30kHz     0      502       634080      560     9        13      1     6
  2026-04-13 09:38:05.082182   53     0    2      1     551    30kHz     0      502       634080       30     2         1      2     4
  2026-04-13 09:38:05.086333   54     0    2     11     551    30kHz     0      502       634080      106     8         1      3     4
  2026-04-13 09:38:05.106328   55     0    2     10     553    30kHz     0      502       634080       30     2         1      4     5
  2026-04-13 09:38:05.114298   56     0    2      2     554    30kHz     0      502       634080      101     8         1      5    12
  2026-04-13 09:38:05.118249   57     0    2      9     554    30kHz     0      502       634080     6021    14        50      6     6
  2026-04-13 09:38:05.122502   58     0    2      0     555    30kHz     0      502       634080     6021    30        38      6     5
  2026-04-13 09:38:05.166324   59     0    2      6     559    30kHz     0      502       634080      656    13         4      7     8
  2026-04-13 09:38:05.166324   59     1    2     10     559    30kHz     0      502       634080       30     2         1      8     5
  2026-04-13 09:38:05.174300   60     0    2      3     560    30kHz     0      502       634080     1505    12        55      9    11
  2026-04-13 09:38:05.182181   61     0    2     17     560    30kHz     0      502       634080      129    10         1     10     7
  2026-04-13 09:38:05.182181   61     1    2      1     561    30kHz     0      502       634080       30     2         1     11     4
  2026-04-13 09:38:05.198243   62     0    2     11     562    30kHz     0      502       634080      101     8         1     12     4
  2026-04-13 09:38:05.210383   63     0    2     17     563    30kHz     0      502       634080      217     8         2     13     7
  2026-04-13 09:38:05.222175   64     0    2     16     564    30kHz     0      502       634080       44     3         1     14     8
  2026-04-13 09:38:05.282179   65     0    2      2     571    30kHz     0      502       634080     1185    12        13     15    12
  2026-04-13 09:38:05.298240   66     0    2     10     572    30kHz     0      502       634080       30     2         1      0     5
  2026-04-13 09:38:05.322176   67     0    2      0     575    30kHz     0      502       634080       30     2         1      1     5
  2026-04-13 09:38:05.334303   68     0    2      0     576    30kHz     0      502       634080       96     7         1      2     5
  2026-04-13 09:38:05.378239   69     0    2      9     580    30kHz     0      502       634080      453    12         3      3     6
  2026-04-13 09:38:05.442176   70     0    2     18     586    30kHz     0      502       634080      453    12         3      4     7
  2026-04-13 09:38:05.442176   70     1    2      0     587    30kHz     0      502       634080       30     2         1      5     5
  2026-04-13 09:38:05.458241   71     0    2     11     588    30kHz     0      502       634080       44     3         1      6     4
  2026-04-13 09:38:05.474304   72     0    2      1     590    30kHz     0      502       634080      106     8         1      7     4
  2026-04-13 09:38:05.482179   73     0    2      1     591    30kHz     0      502       634080       44     3         1      8     4
  2026-04-13 09:38:05.486329   74     0    2     11     591    30kHz     0      502       634080      106     8         1      9     4
  2026-04-13 09:38:05.582175   75     0    2     16     600    30kHz     0      502       634080      325    17         2     10     8
  2026-04-13 09:38:05.642178   76     0    2      0     607    30kHz     0      502       634080       28     3         1     11     5
  2026-04-13 09:38:05.722178   77     0    2      0     615    30kHz     0      502       634080       28     3         1     12     5
  2026-04-13 09:38:05.754300   78     0    2      3     618    30kHz     0      502       634080       96    17         2     13    11
  2026-04-13 09:38:05.762185   79     0    2     19     618    30kHz     0      502       634080       96    30         1     13     6
  2026-04-13 09:38:05.766326   80     0    2     10     619    30kHz     0      502       634080       28     3         1     14     5
  2026-04-13 09:38:05.774301   81     0    2      0     620    30kHz     0      502       634080      101    11         1     15     5
  2026-04-13 09:38:06.003233   82     0    2      0     643    30kHz     0      502       634080       28     3         1      0     5
  2026-04-13 09:38:06.007181   83     0    2     10     643    30kHz     0      502       634080       92    10         1      1     5
  2026-04-13 09:38:06.241324   84     0    2      0     667    30kHz     0      502       634080       30     2         1      2     5
  2026-04-13 09:38:06.249310   85     0    2     10     667    30kHz     0      502       634080       96     7         1      3     5
  2026-04-13 09:38:06.484306   86     0    2      0     691    30kHz     0      502       634080       28     3         1      4     5
  2026-04-13 09:38:06.488235   87     0    2     10     691    30kHz     0      502       634080      101    11         1      5     5
  2026-04-13 09:38:06.726324   88     0    2     10     715    30kHz     0      502       634080       28     3         1      6     5
  2026-04-13 09:38:06.758239   89     0    2     10     718    30kHz     0      502       634080       92    10         1      7     5
  2026-04-13 09:38:07.003234   90     0    2      0     743    30kHz     0      502       634080       30     2         1      8     5
  2026-04-13 09:38:07.031337   91     0    2      1     746    30kHz     0      502       634080      106     8         1      9     4
  2026-04-13 09:38:07.266323   92     0    2     10     769    30kHz     0      502       634080       15     7         4      0     1
  2026-04-13 09:38:07.481314   93     0    2      0     791    30kHz     0      502       634080       44     3         1     10     5
  2026-04-13 09:38:07.513236   94     0    2      1     794    30kHz     0      502       634080      106     8         1     11     4
  2026-04-13 09:38:08.362173   95     0    2      0     879    30kHz     0      502       634080       30     2         1     12     5
  2026-04-13 09:38:08.394310   96     0    2      1     882    30kHz     0      502       634080      106     8         1     13     4
  2026-04-13 09:38:09.826332   97     0    2     10       1    30kHz     0      502       634080       15     7         4      0     1
  2026-04-13 09:38:10.048230   98     0    2     10      23    30kHz     0      502       634080       28     3         1     14     5
  2026-04-13 09:38:10.080362   99     0    2     12      26    30kHz     0      502       634080      101    12         1     15    12
  2026-04-13 09:38:10.084296  100     0    2      0      27    30kHz     0      502       634080       28     3         1      0     5
  2026-04-13 09:38:10.683225  101     0    2      0      87    30kHz     0      502       634080       28     3         1      1     5
  2026-04-13 09:38:10.715370  102     0    2      2      90    30kHz     0      502       634080      101    12         1      2    12
  2026-04-13 09:38:10.723228  103     0    2      0      91    30kHz     0      502       634080       28     3         1      3     5
  2026-04-13 09:38:10.727166  104     0    2     11      91    30kHz     0      502       634080      101    11         1      4     4
  2026-04-13 09:38:11.106323  105     0    2      6     129    30kHz     0      502       634080      480    13         4      5     8
  2026-04-13 09:38:11.106323  105     1    2     10     129    30kHz     0      502       634080       11     7         3      0     1
  2026-04-13 09:38:11.118227  106     0    2     10     130    30kHz     0      502       634080       40     3         1      6     5
  2026-04-13 09:38:11.146329  107     0    2     11     133    30kHz     0      502       634080      106     8         1      7     4
  2026-04-13 09:38:15.263247  108     0    2     10     541    30kHz     0      502       634080       23     7         6      0     1
  2026-04-13 09:38:15.327163  109     0    2     10     551    30kHz     0      502       634080       30     6         1      8     5
  2026-04-13 09:38:16.226308  110     0    2     10     641    30kHz     0      502       634080       11     7         3      0     1
  2026-04-13 09:38:17.506307  111     0    2     10     769    30kHz     0      502       634080       23     7         6      0     1
  2026-04-13 09:38:18.786299  112     0    2     10     897    30kHz     0      502       634080       11     7         3      0     1
  2026-04-13 09:38:20.066297  113     0    2     10       1    30kHz     0      502       634080       15     7         4      0     1
  2026-04-13 09:38:20.449266  114     0    2     10      39    30kHz     0      502       634080       28     3         1      9     5
  2026-04-13 09:38:21.186272  115     0    2      6     113    30kHz     0      502       634080       30     0         4     10     8
  2026-04-13 09:38:22.907015  116     0    2     10     285    30kHz     0      502       634080       11     7         3      0     1
  2026-04-13 09:38:25.466268  117     0    2     10     541    30kHz     0      502       634080       15     7         4      0     1

  Total records : 136
  Version 2     : 136 record(s), MCS in [0, 2, 3, 4, 5, 6, 7, 8, 9, 10, 11, 12, 13, 14, 17, 30]
  Overall MCS   : min=0, max=30, avg=6.42
===================================================================================================================

