04 13 14 00 08 10 00 34 00 34 00 87 b8 b9 bf 91 7a 8e f4 0f 01 06 00 03 00 00 00 00 01 01 01 72 02 01 00 00 00 01 72 06 18 f6 81 b3 26 80 03 80 0c 01 70 00 21 03 00 61 00 18 ee 02 1c
04 13 14 00 11 10 00 34 00 34 00 87 b8 47 23 91 8a 8e f4 0f 01 06 00 03 00 00 00 00 01 01 01 72 00 01 00 00 00 01 72 04 18 f6 81 b3 26 80 03 80 0c 01 78 00 21 03 00 61 00 18 ee 02 1c
04 13 14 00 11 10 00 34 00 34 00 87 b8 5d 4d 84 90 8e f4 0f 01 06 00 03 00 00 00 00 01 0c 01 30 01 01 00 00 00 01 30 31 18 f6 81 b3 26 40 03 80 0c 01 00 00 23 07 00 21 00 18 ee 02 1c
04 13 14 00 12 10 00 34 00 34 00 87 b8 b5 53 48 99 8e f4 0f 01 06 00 03 00 00 00 00 01 02 01 49 02 01 00 00 00 01 49 0a 18 f6 81 b3 26 20 13 80 00 30 00 60 00 83 00 61 00 18 ee 02 1c
04 13 14 00 12 10 00 34 00 34 00 87 b8 f5 19 55 99 8e f4 0f 01 06 00 03 00 00 00 00 01 09 01 4a 02 01 00 00 00 01 4a 26 18 f6 81 b3 26 00 6a 80 20 30 00 84 01 03 00 61 00 18 ee 02 1c
04 13 14 00 12 10 00 34 00 34 00 87 b8 97 32 68 99 8e f4 0f 01 06 00 03 00 00 00 00 01 00 01 4d 02 01 00 00 00 01 4d 02 18 f6 81 b3 26 00 04 80 18 02 08 40 01 03 00 61 00 18 ee 02 1c
04 13 14 00 12 10 00 34 00 34 00 87 b8 9b 72 6b 99 8e f4 0f 01 06 00 03 00 00 00 00 01 0a 01 4d 02 01 00 00 00 01 4d 2a 18 f6 81 b3 26 00 04 80 18 02 0c 40 01 c9 01 61 00 18 ee 02 1c
04 13 14 00 12 10 00 34 00 34 00 87 b8 ed 34 78 99 8e f4 0f 01 06 00 03 00 00 00 00 01 10 01 4e 02 01 00 00 00 01 4e 42 18 f6 81 b3 26 40 03 80 14 02 10 00 02 03 00 61 00 1a 96 00 06
04 13 14 00 12 10 00 34 00 34 00 87 b8 c0 bd 81 99 8e f4 0f 01 06 00 03 00 00 00 00 01 06 01 50 02 01 00 00 00 01 50 1a 18 f6 81 b3 26 00 6a 80 20 30 18 00 02 03 00 61 00 26 96 00 06
04 13 14 00 12 10 00 54 00 54 00 87 b8 65 23 85 99 8e f4 0f 01 06 00 03 00 00 00 00 02 07 01 50 02 01 00 00 00 01 50 1e 18 f6 81 b3 26 00 42 80 14 30 20 c0 01 03 00 61 00 32 96 00 06 08 01 50 02 01 00 00 00 01 50 22 18 f6 81 b3 26 00 42 80 14 30 28 c0 01 03 00 61 00 62 96 00 06
04 13 14 00 12 10 00 34 00 34 00 87 b8 c0 2d a5 99 8e f4 0f 01 06 00 03 00 00 00 00 01 0b 01 54 02 01 00 00 00 01 54 2e 18 f6 81 b3 26 40 0d 80 1c 03 40 00 01 03 00 65 00 1a ee 02 1c
04 13 14 00 12 10 00 34 00 34 00 87 b8 c4 33 a8 99 8e f4 0f 01 06 00 03 00 00 00 00 01 00 01 55 02 01 00 00 00 01 55 02 18 f6 81 b3 26 40 0d 80 1c 03 48 40 01 03 00 65 00 1a ee 02 1c
04 13 14 00 12 10 00 54 00 54 00 87 b8 24 76 ab 99 8e f4 0f 01 06 00 03 00 00 00 00 02 0a 01 55 02 01 00 00 00 01 55 2a 18 f6 81 b3 26 40 0d 80 1c 03 50 40 01 03 00 65 00 32 ee 02 1c 0b 01 55 02 01 00 00 00 01 55 2e 18 f6 81 b3 26 80 30 80 20 0a 58 00 01 03 00 65 00 3e ee 02 1c
04 13 14 00 12 10 00 34 00 34 00 87 b8 97 7f bb 99 8e f4 0f 01 06 00 03 00 00 00 00 01 0a 01 57 02 01 00 00 00 01 57 2a 18 f6 81 b3 26 c0 03 80 18 01 68 40 01 03 00 65 00 1a ee 02 1c
04 13 14 00 12 10 00 54 00 54 00 87 b8 01 9c ee 99 8e f4 0f 01 06 00 03 00 00 00 00 02 0d 01 5d 02 01 00 00 00 01 5d 36 18 f6 81 b3 26 a0 38 80 1c 2c 10 c0 02 07 00 65 00 26 ee 02 1c 10 01 5d 02 01 00 00 00 01 5d 42 18 f6 81 b3 26 c0 06 80 14 02 18 00 02 07 00 65 00 32 ee 02 1c
04 13 14 00 12 10 00 34 00 34 00 87 b8 e0 28 09 9b 8e f4 0f 01 06 00 03 00 00 00 00 01 02 01 81 02 01 00 00 00 01 81 0a 18 f6 81 b3 26 40 01 80 1c 03 00 50 00 83 00 61 00 18 ee 02 1c
04 13 14 00 13 10 00 34 00 34 00 87 b8 43 bd 09 a3 8e f4 0f 01 06 00 03 00 00 00 00 01 02 01 81 03 01 00 00 00 01 81 0b 18 f6 81 b3 26 40 01 80 1c 03 00 50 00 83 00 21 00 18 ee 02 1c
04 13 14 00 14 10 00 34 00 34 00 87 b8 53 7c 13 aa 8e f4 0f 01 06 00 03 00 00 00 00 01 0a 01 62 00 01 00 00 00 01 62 28 18 f6 81 b3 26 00 04 80 1c 01 30 40 01 07 00 25 00 19 ee 02 1c
04 13 14 00 16 10 00 34 00 34 00 87 b8 7c 94 da b8 8e f4 0f 01 06 00 03 00 00 00 00 01 09 01 3b 02 01 00 00 00 01 3b 26 18 f6 81 b3 26 e0 0d 80 30 02 38 80 01 07 00 29 00 19 ee 02 1c
04 13 14 00 16 10 00 34 00 34 00 87 b8 18 22 e1 b8 8e f4 0f 01 06 00 03 00 00 00 00 01 00 01 3c 02 01 00 00 00 01 3c 02 18 f6 81 b3 26 80 0b 80 28 02 40 40 01 07 00 25 00 11 ee 02 1c
04 13 14 00 16 10 00 34 00 34 00 87 b8 f5 34 e4 b8 8e f4 0f 01 06 00 03 00 00 00 00 01 0a 01 3c 02 01 00 00 00 01 3c 2a 18 f6 81 b3 26 a0 0c 80 2c 02 48 40 01 07 00 29 00 19 ee 02 1c
04 13 14 00 16 10 00 34 00 34 00 87 b8 92 70 e7 b8 8e f4 0f 01 06 00 03 00 00 00 00 01 00 01 3d 02 01 00 00 00 01 3d 02 18 f6 81 b3 26 80 0b 80 28 02 50 40 01 07 00 25 00 19 ee 02 1c
04 13 14 00 16 10 00 34 00 34 00 87 b8 f5 21 f1 b8 8e f4 0f 01 06 00 03 00 00 00 00 01 00 01 3e 02 01 00 00 00 01 3e 02 18 f6 81 b3 26 c0 03 80 18 01 58 40 01 06 00 25 00 01 ee 02 1c
04 13 14 00 16 10 00 34 00 34 00 87 b8 11 35 f4 b8 8e f4 0f 01 06 00 03 00 00 00 00 01 0a 01 3e 02 01 00 00 00 01 3e 2a 18 f6 81 b3 26 c0 03 80 18 01 5c 40 01 05 81 25 00 19 ee 02 1c
04 13 14 00 16 10 00 34 00 34 00 87 b8 a3 ba 2d b9 8e f4 0f 01 06 00 03 00 00 00 00 01 11 01 45 02 01 00 00 00 01 45 46 18 f6 81 b3 26 00 40 80 1c 0f 60 c0 01 07 00 25 00 19 ee 02 1c
04 13 14 00 16 10 00 34 00 34 00 87 b8 76 21 41 b9 8e f4 0f 01 06 00 03 00 00 00 00 01 00 01 48 02 01 00 00 00 01 48 02 18 f6 81 b3 26 c0 03 80 18 01 68 40 01 07 00 25 00 19 ee 02 1c
04 13 14 00 16 10 00 34 00 34 00 87 b8 80 ba 4d b9 8e f4 0f 01 06 00 03 00 00 00 00 01 0a 01 49 02 01 00 00 00 01 49 2a 18 f6 81 b3 26 40 0d 80 1c 03 70 40 01 07 00 25 00 19 ee 02 1c
04 13 14 00 16 10 00 34 00 34 00 87 b8 9b 21 11 ba 8e f4 0f 01 06 00 03 00 00 00 00 01 00 01 62 02 01 00 00 00 01 62 02 18 f6 81 b3 26 c0 03 80 18 01 78 40 01 07 00 25 00 19 ee 02 1c
04 13 14 00 18 10 00 34 00 34 00 87 b8 86 35 08 c7 8e f4 0f 01 06 00 03 00 00 00 00 01 02 01 01 00 01 00 00 00 01 01 08 18 f6 81 b3 26 40 01 80 1c 03 00 50 00 83 00 21 00 18 ee 02 1c
04 13 14 00 18 10 00 34 00 34 00 87 b8 ff 1e 25 ca 8e f4 0f 01 06 00 03 00 00 00 00 01 0a 01 64 00 01 00 00 00 01 64 28 18 f6 81 b3 26 80 03 80 0c 01 00 40 21 03 00 21 00 19 ee 02 1c
04 13 14 00 19 10 00 34 00 34 00 87 b8 ab 30 08 cf 8e f4 0f 01 06 00 03 00 00 00 00 01 02 01 01 01 01 00 00 00 01 01 09 18 f6 81 b3 26 40 01 80 1c 03 00 50 00 83 00 21 00 18 ee 02 1c
04 13 14 00 19 10 00 34 00 34 00 87 b8 bb 30 08 d3 8e f4 0f 01 06 00 03 00 00 00 00 01 02 01 81 01 01 00 00 00 01 81 09 18 f6 81 b3 26 40 01 80 1c 03 00 50 00 83 00 21 00 18 ee 02 1c
04 13 14 00 20 10 00 34 00 34 00 87 b8 5d 1c 85 d8 8e f4 0f 01 06 00 03 00 00 00 00 01 0d 01 30 02 01 00 00 00 01 30 36 18 f6 81 b3 26 00 04 80 14 02 08 c0 22 03 00 25 00 19 ee 02 1c
04 13 14 00 21 10 00 34 00 34 00 87 b8 d2 bd 98 f5 8e f4 0f 01 06 00 03 00 00 00 00 01 02 01 d3 01 01 00 00 00 01 d3 09 06 f6 81 b3 26 40 01 80 1c 03 00 50 00 83 00 21 00 18 ee 02 1c
04 13 14 00 21 10 00 34 00 34 00 87 b8 57 26 98 01 8f f4 0f 01 06 00 03 00 00 00 00 01 02 01 53 03 01 00 00 00 01 53 0b 06 f6 81 b3 26 40 01 80 1c 03 00 50 00 83 00 21 00 18 ee 02 1c
04 13 14 00 21 10 00 34 00 34 00 87 b8 92 94 99 09 8f f4 0f 01 06 00 03 00 00 00 00 01 02 01 53 00 01 00 00 00 01 53 08 06 f6 81 b3 26 40 01 80 1c 03 00 50 00 83 00 21 00 18 ee 02 1c
