04 27 12 41 55 10 00 34 00 34 00 87 b8 ec 11 f6 98 4f 15 10 01 06 00 03 00 00 00 00 01 02 01 81 02 01 00 00 00 01 81 0a 18 f6 81 b3 26 40 01 80 1c 03 00 50 00 83 00 21 00 50 ee 02 1c
04 27 12 41 56 10 00 34 00 34 00 87 b8 c9 27 f5 9c 4f 15 10 01 06 00 03 00 00 00 00 01 02 01 01 03 01 00 00 00 01 01 0b 18 f6 81 b3 26 40 01 80 1c 03 00 50 00 83 00 21 00 50 ee 02 1c
04 27 12 41 56 10 00 34 00 34 00 87 b8 0b 28 9d a0 4f 15 10 01 06 00 03 00 00 00 00 01 00 01 76 03 01 00 00 00 01 76 03 18 f6 81 b3 26 80 03 80 0c 01 18 40 21 07 00 21 00 50 ee 02 1c
04 27 12 41 56 10 00 34 00 34 00 87 b8 96 ad f6 a0 4f 15 10 01 06 00 03 00 00 00 00 01 02 01 81 03 01 00 00 00 01 81 0b 18 f6 81 b3 26 40 01 80 1c 03 00 50 00 83 00 21 00 50 ee 02 1c
04 27 12 41 57 10 00 34 00 34 00 87 b8 46 a9 f6 a4 4f 15 10 01 06 00 03 00 00 00 00 01 02 01 01 00 01 00 00 00 01 01 08 18 f6 81 b3 26 40 01 80 1c 03 00 50 00 83 00 21 00 50 ee 02 1c
04 27 12 41 57 10 00 34 00 34 00 87 b8 f4 a8 f6 a8 4f 15 10 01 06 00 03 00 00 00 00 01 02 01 81 00 01 00 00 00 01 81 08 18 f6 81 b3 26 40 01 80 1c 03 00 50 00 83 00 21 00 50 ee 02 1c
04 27 12 41 57 10 00 34 00 34 00 87 b8 c5 80 f3 ac 4f 15 10 01 06 00 03 00 00 00 00 01 10 01 00 01 01 00 00 00 01 00 41 18 f6 81 b3 26 00 05 80 08 02 20 00 22 07 00 21 00 50 ee 02 1c
04 27 12 41 57 10 00 34 00 34 00 87 b8 ea a5 f6 ac 4f 15 10 01 06 00 03 00 00 00 00 01 02 01 01 01 01 00 00 00 01 01 09 18 f6 81 b3 26 40 01 80 1c 03 00 50 00 83 00 21 00 50 ee 02 1c
04 27 12 41 57 10 00 34 00 34 00 87 b8 c3 0c b6 af 4f 15 10 01 06 00 03 00 00 00 00 01 02 01 59 01 01 00 00 00 01 59 09 18 f6 81 b3 26 20 13 80 00 30 00 60 00 83 00 61 00 50 ee 02 1c
04 27 12 41 57 10 00 34 00 34 00 87 b8 cb 97 bf af 4f 15 10 01 06 00 03 00 00 00 00 01 09 01 5a 01 01 00 00 00 01 5a 25 18 f6 81 b3 26 00 6a 80 20 30 00 84 01 03 00 61 00 50 ee 02 1c
04 27 12 41 58 10 00 34 00 34 00 87 b8 4a b9 d5 af 4f 15 10 01 06 00 03 00 00 00 00 01 00 01 5d 01 01 00 00 00 01 5d 01 18 f6 81 b3 26 00 04 80 18 02 08 40 01 03 00 61 00 50 ee 02 1c
04 27 12 41 58 10 00 34 00 34 00 87 b8 dc aa e2 af 4f 15 10 01 06 00 03 00 00 00 00 01 11 01 5e 01 01 00 00 00 01 5e 45 18 f6 81 b3 26 40 03 80 14 02 10 c0 01 03 00 61 00 9a 2b 00 06
04 27 12 41 58 10 00 34 00 34 00 87 b8 15 62 ec af 4f 15 10 01 06 00 03 00 00 00 00 01 00 01 60 01 01 00 00 00 01 60 01 18 f6 81 b3 26 40 03 80 14 02 18 40 01 03 00 61 00 9a 2b 00 06
04 27 12 41 58 10 00 74 00 74 00 87 b8 88 20 f9 af 4f 15 10 01 06 00 03 00 00 00 00 03 09 01 61 01 01 00 00 00 01 61 25 18 f6 81 b3 26 00 60 80 24 30 20 80 01 03 00 61 00 a6 2b 00 06 0a 01 61 01 01 81 b3 26 01 61 29 18 f6 81 b3 26 00 4e 80 18 30 28 40 01 03 00 61 00 b2 2b 00 06 0b 01 61 01 01 81 b3 26 01 61 2d 18 f6 81 b3 26 00 4e 80 18 30 30 00 01 03 00 61 00 e2 2b 00 06
04 27 12 41 58 10 00 34 00 34 00 87 b8 32 ae 12 b0 4f 15 10 01 06 00 03 00 00 00 00 01 0a 01 64 01 01 00 00 00 01 64 29 18 f6 81 b3 26 c0 04 80 20 01 3c 40 01 02 00 65 00 82 2b 00 06
04 27 12 41 58 10 00 54 00 54 00 87 b8 a6 15 16 b0 4f 15 10 01 06 00 03 00 00 00 00 02 00 01 65 01 01 00 00 00 01 65 01 18 f6 81 b3 26 c0 04 80 20 01 3e 40 01 01 81 65 00 1a e1 00 1c 01 01 65 01 01 81 b3 26 01 65 05 18 f6 81 b3 26 c0 03 80 18 01 40 00 01 03 00 65 00 1a e1 00 1c
04 27 12 41 58 10 00 34 00 34 00 87 b8 36 23 59 b0 4f 15 10 01 06 00 03 00 00 00 00 01 0a 01 6d 01 01 00 00 00 01 6d 29 18 f6 81 b3 26 c0 03 80 18 01 58 40 01 03 00 65 00 1a e1 00 1c
04 27 12 41 58 10 00 34 00 34 00 87 b8 de af 72 b0 4f 15 10 01 06 00 03 00 00 00 00 01 0c 01 70 01 01 00 00 00 01 70 31 18 f6 81 b3 26 00 0c 80 1c 03 60 00 03 03 00 65 00 1a e1 00 1c
04 27 12 41 58 10 00 34 00 34 00 87 b8 1b b0 82 b0 4f 15 10 01 06 00 03 00 00 00 00 01 0a 01 72 01 01 00 00 00 01 72 29 18 f6 81 b3 26 80 03 80 18 01 68 40 01 03 00 65 00 1a e1 00 1c
04 27 12 41 58 10 00 34 00 34 00 87 b8 36 17 96 b0 4f 15 10 01 06 00 03 00 00 00 00 01 12 01 74 01 01 00 00 00 01 74 49 18 f6 81 b3 26 00 0b 80 24 02 70 c0 01 03 00 65 00 1a e1 00 1c
04 27 12 41 58 10 00 54 00 54 00 87 b8 88 23 99 b0 4f 15 10 01 06 00 03 00 00 00 00 02 0a 01 75 01 01 00 00 00 01 75 29 18 f6 81 b3 26 00 0a 80 20 02 78 40 01 03 00 65 00 2e e1 00 1c 0b 01 75 01 01 81 b3 26 01 75 2d 18 f6 81 b3 26 40 30 82 24 67 00 00 01 07 00 65 00 32 e1 00 1c
04 27 12 41 58 10 00 54 00 54 00 87 b8 ea 68 9c b0 4f 15 10 01 06 00 03 00 00 00 00 02 10 01 75 01 01 00 00 00 01 75 41 18 f6 81 b3 26 00 20 81 24 36 08 00 02 07 00 65 00 26 e1 00 1c 12 01 75 01 01 81 b3 26 01 75 49 18 f6 81 b3 26 20 16 80 24 04 10 c0 01 07 00 65 00 32 e1 00 1c
04 27 12 41 58 10 00 34 00 34 00 87 b8 94 69 ac b0 4f 15 10 01 06 00 03 00 00 00 00 01 00 01 78 01 01 00 00 00 01 78 01 18 f6 81 b3 26 c0 03 80 18 01 18 40 01 07 00 65 00 1a e1 00 1c
04 27 12 41 58 10 00 34 00 34 00 87 b8 ea 24 b9 b0 4f 15 10 01 06 00 03 00 00 00 00 01 0b 01 79 01 01 00 00 00 01 79 2d 18 f6 81 b3 26 c0 03 80 18 01 20 00 01 07 00 65 00 1a e1 00 1c
04 27 12 41 58 10 00 54 00 54 00 87 b8 75 89 cf b0 4f 15 10 01 06 00 03 00 00 00 00 02 07 01 7c 01 01 00 00 00 01 7c 1d 18 f6 81 b3 26 80 30 80 24 09 28 c0 01 07 00 65 00 32 e1 00 1c 09 01 7c 01 01 81 b3 26 01 7c 25 18 f6 81 b3 26 80 30 80 24 09 30 80 01 07 00 65 00 32 e1 00 1c
04 27 12 41 58 10 00 34 00 34 00 87 b8 3c 67 dc b0 4f 15 10 01 06 00 03 00 00 00 00 01 00 01 7e 01 01 00 00 00 01 7e 01 18 f6 81 b3 26 c0 03 80 18 01 38 40 01 07 00 65 00 1a e1 00 1c
04 27 12 41 58 10 00 54 00 54 00 87 b8 63 17 f6 b0 4f 15 10 01 06 00 03 00 00 00 00 02 01 01 81 01 01 00 00 00 01 81 05 18 f6 81 b3 26 00 58 80 20 09 40 00 21 07 00 65 00 1a e1 00 1c 02 01 81 01 01 81 b3 26 01 81 09 18 f6 81 b3 26 40 01 80 1c 03 00 50 00 83 00 61 00 1a e1 00 1c
04 27 12 41 58 10 00 34 00 34 00 87 b8 a2 af 02 b1 4f 15 10 01 06 00 03 00 00 00 00 01 0a 01 82 01 01 00 00 00 01 82 29 18 f6 81 b3 26 40 03 80 0c 01 48 40 21 07 00 61 00 1a e1 00 1c
04 27 12 41 59 10 00 34 00 34 00 87 b8 e6 23 f5 bc 4f 15 10 01 06 00 03 00 00 00 00 01 02 01 01 03 01 00 00 00 01 01 0b 18 f6 81 b3 26 40 01 80 1c 03 00 50 00 83 00 21 00 98 2b 00 06
04 27 12 41 59 10 00 34 00 34 00 87 b8 9e 60 8c c0 4f 15 10 01 06 00 03 00 00 00 00 01 00 01 74 03 01 00 00 00 01 74 03 18 f6 81 b3 26 00 05 80 08 02 50 40 21 07 00 21 00 19 ee 02 1c
04 27 12 41 59 10 00 34 00 34 00 87 b8 8a 21 a9 c0 4f 15 10 01 06 00 03 00 00 00 00 01 0a 01 77 03 01 00 00 00 01 77 2b 18 f6 81 b3 26 80 03 80 0c 01 58 40 21 07 00 21 00 19 ee 02 1c
04 27 12 41 59 10 00 34 00 34 00 87 b8 a0 12 c6 c0 4f 15 10 01 06 00 03 00 00 00 00 01 00 01 7b 03 01 00 00 00 01 7b 03 18 f6 81 b3 26 00 0a 80 10 02 60 40 21 07 00 21 00 19 ee 02 1c
04 27 12 41 59 10 00 34 00 34 00 87 b8 b5 60 cc c0 4f 15 10 01 06 00 03 00 00 00 00 01 01 01 7c 03 01 00 00 00 01 7c 07 18 f6 81 b3 26 80 03 80 0c 01 68 00 21 07 00 21 00 19 ee 02 1c
04 27 12 42 00 10 00 34 00 34 00 87 b8 96 16 72 c4 4f 15 10 01 06 00 03 00 00 00 00 01 0a 01 f0 03 01 00 00 00 01 f0 2b 18 f6 81 b3 26 20 10 80 24 03 70 40 01 07 00 25 00 19 ee 02 1c
04 27 12 42 00 10 00 34 00 34 00 87 b8 69 5f 88 c4 4f 15 10 01 06 00 03 00 00 00 00 01 0a 01 f3 03 01 00 00 00 01 f3 2b 18 f6 81 b3 26 80 03 80 0c 01 78 40 21 07 00 21 00 19 ee 02 1c
04 27 12 42 00 10 00 34 00 34 00 87 b8 94 12 f6 c4 4f 15 10 01 06 00 03 00 00 00 00 01 02 01 01 00 01 00 00 00 01 01 08 18 f6 81 b3 26 20 02 80 1c 05 00 50 00 83 00 21 00 98 2b 00 06
04 27 12 42 00 10 00 34 00 34 00 87 b8 4e aa 72 c5 4f 15 10 01 06 00 03 00 00 00 00 01 0a 01 10 00 01 00 00 00 01 10 28 18 f6 81 b3 26 80 0e 80 10 03 00 40 21 03 00 21 00 19 ee 02 1c
04 27 12 42 01 10 00 34 00 34 00 87 b8 e2 21 f5 cc 4f 15 10 01 06 00 03 00 00 00 00 01 02 01 01 01 01 00 00 00 01 01 09 18 f6 81 b3 26 40 01 80 1c 03 00 50 00 83 00 21 00 98 2b 00 06
04 27 12 42 01 10 00 34 00 34 00 87 b8 f4 5d 7c d0 4f 15 10 01 06 00 03 00 00 00 00 01 00 01 72 01 01 00 00 00 01 72 01 18 f6 81 b3 26 80 03 80 0c 02 08 40 01 03 00 21 00 19 ee 02 1c
04 27 12 42 01 10 00 34 00 34 00 87 b8 2d 20 f5 d4 4f 15 10 01 06 00 03 00 00 00 00 01 02 01 01 02 01 00 00 00 01 01 0a 18 f6 81 b3 26 00 03 80 1c 07 00 50 00 83 00 21 00 98 2b 00 06
04 27 12 42 02 10 00 34 00 34 00 87 b8 92 20 f5 dc 4f 15 10 01 06 00 03 00 00 00 00 01 02 01 01 03 01 00 00 00 01 01 0b 18 f6 81 b3 26 20 02 80 1c 05 00 50 00 83 00 21 00 98 2b 00 06
04 27 12 42 02 10 00 34 00 34 00 87 b8 c9 1c a9 df 4f 15 10 01 06 00 03 00 00 00 00 01 0a 01 57 03 01 00 00 00 01 57 2b 18 f6 81 b3 26 40 0d 80 14 02 10 40 21 03 00 25 00 19 ee 02 1c
04 27 12 42 02 10 00 34 00 34 00 87 b8 54 5c ac df 4f 15 10 01 06 00 03 00 00 00 00 01 00 01 58 03 01 00 00 00 01 58 03 18 f6 81 b3 26 80 03 80 0c 01 18 40 21 03 00 21 00 19 ee 02 1c
04 27 12 42 02 10 00 34 00 34 00 87 b8 fc 1e b9 df 4f 15 10 01 06 00 03 00 00 00 00 01 0b 01 59 03 01 00 00 00 01 59 2f 18 f6 81 b3 26 80 03 80 0c 01 20 00 21 03 00 21 00 19 ee 02 1c
04 27 12 42 02 10 00 34 00 34 00 87 b8 04 1e e9 df 4f 15 10 01 06 00 03 00 00 00 00 01 06 01 5f 03 01 00 00 00 01 5f 1b 18 f6 81 b3 26 80 0b 80 28 01 28 00 22 02 00 25 00 01 ee 02 1c
04 27 12 42 02 10 00 34 00 34 00 87 b8 ac 66 ec df 4f 15 10 01 06 00 03 00 00 00 00 01 13 01 5f 03 01 00 00 00 01 5f 4f 18 f6 81 b3 26 80 0b 80 28 01 2c 80 21 01 81 25 00 19 ee 02 1c
04 27 12 42 02 10 00 34 00 34 00 87 b8 6b 08 26 e0 4f 15 10 01 06 00 03 00 00 00 00 01 12 01 66 03 01 00 00 00 01 66 4b 18 f6 81 b3 26 00 03 80 2c 01 30 80 01 02 00 29 00 18 ee 02 1c
04 27 12 42 02 10 00 34 00 34 00 87 b8 0b 1c 89 e0 4f 15 10 01 06 00 03 00 00 00 00 01 0a 01 73 03 01 00 00 00 01 73 2b 18 f6 81 b3 26 c0 03 80 18 01 38 40 01 03 00 25 00 18 ee 02 1c
04 27 12 42 03 10 00 34 00 34 00 87 b8 44 1e f5 e0 4f 15 10 01 06 00 03 00 00 00 00 01 02 01 81 03 01 00 00 00 01 81 0b 18 f6 81 b3 26 20 02 80 1c 05 00 50 00 83 00 21 00 18 ee 02 1c
04 27 12 42 03 10 00 34 00 34 00 87 b8 8a 1d f5 e8 4f 15 10 01 06 00 03 00 00 00 00 01 02 01 81 00 01 00 00 00 01 81 08 18 f6 81 b3 26 40 01 80 1c 03 00 50 00 83 00 21 00 18 ee 02 1c
04 27 12 42 03 10 00 34 00 34 00 87 b8 2d 23 f5 ec 4f 15 10 01 06 00 03 00 00 00 00 01 02 01 01 01 01 00 00 00 01 01 09 18 f6 81 b3 26 20 02 80 1c 05 00 50 00 83 00 21 00 18 ee 02 1c
04 27 12 42 04 10 00 34 00 34 00 87 b8 5a 07 02 ef 4f 15 10 01 06 00 03 00 00 00 00 01 0a 01 42 01 01 00 00 00 01 42 29 18 f6 81 b3 26 00 04 80 1c 01 40 40 01 03 00 25 00 18 ee 02 1c
04 27 12 42 04 10 00 34 00 34 00 87 b8 d3 7d 3b ef 4f 15 10 01 06 00 03 00 00 00 00 01 10 01 49 01 01 00 00 00 01 49 41 18 f6 81 b3 26 a0 20 80 48 03 48 00 02 03 00 29 00 18 ee 02 1c
04 27 12 42 04 10 00 34 00 34 00 87 b8 94 1b 45 ef 4f 15 10 01 06 00 03 00 00 00 00 01 00 01 4b 01 01 00 00 00 01 4b 01 18 f6 81 b3 26 c0 03 80 18 01 50 40 01 03 00 25 00 18 ee 02 1c
04 27 12 42 04 10 00 34 00 34 00 87 b8 9e 5d 88 f0 4f 15 10 01 06 00 03 00 00 00 00 01 0a 01 73 01 01 00 00 00 01 73 29 18 f6 81 b3 26 c0 03 80 18 01 58 40 01 03 00 25 00 18 ee 02 1c
04 27 12 42 05 10 00 34 00 34 00 87 b8 f4 17 91 00 50 15 10 01 06 00 03 00 00 00 00 01 0a 01 74 03 01 00 00 00 01 74 2b 18 f6 81 b3 26 80 03 80 0c 01 60 40 21 03 00 21 00 18 ee 02 1c
04 27 12 42 05 10 00 34 00 34 00 87 b8 a4 9e 72 01 50 15 10 01 06 00 03 00 00 00 00 01 0a 01 90 03 01 00 00 00 01 90 2b 18 f6 81 b3 26 80 03 80 0c 01 68 40 21 03 00 21 00 18 ee 02 1c
04 27 12 42 06 10 00 34 00 34 00 87 b8 c1 19 f5 08 50 15 10 01 06 00 03 00 00 00 00 01 02 01 81 00 01 00 00 00 01 81 08 18 f6 81 b3 26 40 01 80 1c 03 00 50 00 83 00 21 00 18 ee 02 1c
04 27 12 42 06 10 00 34 00 34 00 87 b8 f6 18 f5 0c 50 15 10 01 06 00 03 00 00 00 00 01 02 01 01 01 01 00 00 00 01 01 09 18 f6 81 b3 26 40 01 80 1c 03 00 50 00 83 00 21 00 18 ee 02 1c
04 27 12 42 06 10 00 34 00 34 00 87 b8 2d 01 72 0e 50 15 10 01 06 00 03 00 00 00 00 01 0a 01 30 01 01 00 00 00 01 30 29 18 f6 81 b3 26 80 03 80 0c 01 70 40 21 03 00 21 00 18 ee 02 1c
04 27 12 42 06 10 00 34 00 34 00 87 b8 e2 82 96 1a 50 15 10 01 06 00 03 00 00 00 00 01 02 01 b5 02 01 00 00 00 01 b5 0a 06 f6 81 b3 26 40 01 80 1c 03 00 50 00 83 00 21 00 18 ee 02 1c
04 27 12 42 06 10 00 34 00 34 00 87 b8 04 5c 97 1e 50 15 10 01 06 00 03 00 00 00 00 01 02 01 35 03 01 00 00 00 01 35 0b 06 f6 81 b3 26 40 01 80 1c 03 00 50 00 83 00 21 00 18 ee 02 1c
04 27 12 42 06 10 00 34 00 34 00 87 b8 52 aa 95 26 50 15 10 01 06 00 03 00 00 00 00 01 02 01 35 00 01 00 00 00 01 35 08 06 f6 81 b3 26 20 02 80 1c 05 00 50 00 83 00 21 00 18 ee 02 1c
04 27 12 42 06 10 00 34 00 34 00 87 b8 46 5a 97 2e 50 15 10 01 06 00 03 00 00 00 00 01 02 01 35 01 01 00 00 00 01 35 09 06 f6 81 b3 26 40 01 80 1c 03 00 50 00 83 00 21 00 18 ee 02 1c
04 27 12 42 07 10 00 34 00 34 00 87 b8 c5 10 95 32 50 15 10 01 06 00 03 00 00 00 00 01 02 01 b5 01 01 00 00 00 01 b5 09 06 f6 81 b3 26 40 01 80 1c 03 00 50 00 83 00 21 00 18 ee 02 1c
04 27 12 42 07 10 00 54 00 54 00 87 b8 e0 18 95 3e 50 15 10 01 06 00 03 00 00 00 00 02 02 01 b5 02 01 00 00 00 01 b5 0a 06 f6 81 b3 26 40 01 80 1c 03 00 50 00 83 00 21 00 18 ee 02 1c 02 01 35 03 01 81 b3 26 01 35 0b 06 f6 81 b3 26 40 01 80 1c 03 00 50 00 83 00 21 00 18 e1 00 1c
04 27 12 42 07 10 00 34 00 34 00 87 b8 c7 a6 95 42 50 15 10 01 06 00 03 00 00 00 00 01 02 01 b5 03 01 00 00 00 01 b5 0b 06 f6 81 b3 26 40 01 80 1c 03 00 50 00 83 00 21 00 18 ee 02 1c
