
===================================================================================
  B887 NR5G MAC PDSCH — Parsed Records
===================================================================================
   Pkt   Rec   Ver   Slot   Frame      SCS   CID Phy Cell ID     NR-ARFCN  TB Size   MCS   Num RBs   HARQ    K1
   ---   ---   ---   ----   -----      ---   --- -----------     --------  -------   ---   -------   ----    --
     0     0     3      2     641    30kHz     0      502       634080       10     7         3      0     1
     1     0     3      2     769    30kHz     0      502       634080       10     7         3      0     1
     2     0     3      0     886    30kHz     0      502       634080       28     3         1      3     5
     3     0     3      2     897    30kHz     0      502       634080       10     7         3      0     1
     4     0     3      2       1    30kHz     0      502       634080       10     7         3      0     1
     5     0     3      2     129    30kHz     0      502       634080       10     7         3      0     1
     6     0     3     16     256    30kHz     0      502       634080       40     2         2      4     8
     7     0     3      2     257    30kHz     0      502       634080       10     7         3      0     1
     8     0     3      2     345    30kHz     0      502       634080      153     0        48      0     1
     9     0     3      9     346    30kHz     0      502       634080      848     8        48      0     6
    10     0     3      0     349    30kHz     0      502       634080       32     6         2      1     5
    11     0     3     17     350    30kHz     0      502       634080       26     5         2      2     7
    12     0     3      0     352    30kHz     0      502       634080       26     5         2      3     5
    13     0     3      9     353    30kHz     0      502       634080      768     9        48      4     6
    13     1     3     10     353    30kHz   129      502       634080      624     6        48      5     5
    13     2     3     11     353    30kHz   129      502       634080      624     6        48      6     4
    14     0     3     10     356    30kHz     0      502       634080       38     8         1      7     5
    15     0     3      0     357    30kHz     0      502       634080       38     8         1      7     5
    15     1     3      1     357    30kHz   129      502       634080       30     6         1      8     4
    16     0     3     10     365    30kHz     0      502       634080       30     6         1     11     5
    17     0     3     12     368    30kHz     0      502       634080       96     7         3     12    12
    18     0     3     10     370    30kHz     0      502       634080       28     6         1     13     5
    19     0     3     18     372    30kHz     0      502       634080       88     9         2     14     7
    20     0     3     10     373    30kHz     0      502       634080       80     8         2     15     5
    20     1     3     11     373    30kHz   129      502       634080     4482     9       103      0     4
    21     0     3     16     373    30kHz     0      502       634080     2304     9        54      1     8
    21     1     3     18     373    30kHz   129      502       634080      177     9         4      2     7
    22     0     3      0     376    30kHz     0      502       634080       30     6         1      3     5
    23     0     3     11     377    30kHz     0      502       634080       30     6         1      4     4
    24     0     3      7     380    30kHz     0      502       634080      388     9         9      5     7
    24     1     3      9     380    30kHz   129      502       634080      388     9         9      6     6
    25     0     3      0     382    30kHz     0      502       634080       30     6         1      7     5
    26     0     3      1     385    30kHz     0      502       634080      704     8         9      8     4
    26     1     3      2     385    30kHz   129      502       634080       10     7         3      0     1
    27     0     3     10     386    30kHz     0      502       634080       26     3         1      9     5
    28     0     3      2     769    30kHz     0      502       634080       10     7         3      0     1
    29     0     3      0     884    30kHz     0      502       634080       40     2         2     10     5
    30     0     3     10     887    30kHz     0      502       634080       28     3         1     11     5
    31     0     3      0     891    30kHz     0      502       634080       80     4         2     12     5
    32     0     3      1     892    30kHz     0      502       634080       28     3         1     13     4
    33     0     3     10    1008    30kHz     0      502       634080      129     9         3     14     5
    34     0     3     10    1011    30kHz     0      502       634080       28     3         1     15     5
    35     0     3      2       1    30kHz     0      502       634080       17     7         5      0     1
    36     0     3     10      16    30kHz     0      502       634080      116     4         3      0     5
    37     0     3      2     257    30kHz     0      502       634080       10     7         3      0     1
    38     0     3      0     370    30kHz     0      502       634080       28     3         2      1     5
    39     0     3      2     513    30kHz     0      502       634080       24     7         7      0     1
    40     0     3      2     769    30kHz     0      502       634080       17     7         5      0     1
    41     0     3     10     855    30kHz     0      502       634080      106     5         2      2     5
    42     0     3      0     856    30kHz     0      502       634080       28     3         1      3     5
    43     0     3     11     857    30kHz     0      502       634080       28     3         1      4     4
    44     0     3      6     863    30kHz     0      502       634080       92    10         1      5     8
    45     0     3     19     863    30kHz     0      502       634080       92    10         1      5     6
    46     0     3     18     870    30kHz     0      502       634080       24    11         1      6     6
    47     0     3     10     883    30kHz     0      502       634080       30     6         1      7     5
    48     0     3      2     897    30kHz     0      502       634080       17     7         5      0     1
    49     0     3      2     129    30kHz     0      502       634080       10     7         3      0     1
    50     0     3      2     257    30kHz     0      502       634080       17     7         5      0     1
    51     0     3     10     322    30kHz     0      502       634080       32     7         1      8     5
    52     0     3     16     329    30kHz     0      502       634080      261    18         3      9     8
    53     0     3      0     331    30kHz     0      502       634080       30     6         1     10     5
    54     0     3     10     371    30kHz     0      502       634080       30     6         1     11     5
    55     0     3     10     884    30kHz     0      502       634080       28     3         1     12     5
    56     0     3     10     912    30kHz     0      502       634080       28     3         1     13     5
    57     0     3      2     129    30kHz     0      502       634080       10     7         3      0     1
    58     0     3      2     257    30kHz     0      502       634080       10     7         3      0     1
    59     0     3     10     304    30kHz     0      502       634080       28     3         1     14     5
    60     0     3      2     693    30kHz     0      502       634080       10     7         3      0     1
    61     0     3      2     821    30kHz     0      502       634080       10     7         3      0     1
    62     0     3      2      53    30kHz     0      502       634080       17     7         5      0     1
    63     0     3      2     309    30kHz     0      502       634080       10     7         3      0     1
    64     0     3      2     437    30kHz     0      502       634080       10     7         3      0     1
    65     0     3      2     693    30kHz     0      502       634080       10     7         3      0     1
    65     1     3      2     821    30kHz   129      502       634080       10     7         3      0     1
    66     0     3      2     949    30kHz     0      502       634080       10     7         3      0     1

  Total records : 75
  Version 3     : 75 record(s), MCS in [0, 2, 3, 4, 5, 6, 7, 8, 9, 10, 11, 18]
  Overall MCS   : min=0, max=18, avg=6.43
===================================================================================

