38 00 87 B8 12 3C 40 05 A0 6F 0F 01 05 00 02 00 00 00 00 00 00 00 00 00 00 00 00 01 00 01 E4 03 01 00 00 00 07 E4 03 18 F6 81 B3 26 E0 0D 80 30 01 18 40 21 07 00 C9 00
38 00 87 B8 E3 03 A9 A4 A0 6F 0F 01 05 00 02 00 00 00 00 00 00 00 00 00 00 00 00 01 02 01 D1 03 01 00 00 00 07 D1 0B 18 F6 81 B3 26 80 0E 80 28 01 20 00 43 07 00 C5 00
54 00 87 B8 B4 1A AC A4 A0 6F 0F 01 05 00 02 00 00 00 00 00 00 00 00 00 00 00 00 02 07 01 D1 03 01 00 00 00 07 D1 1F 18 F6 81 B3 26 80 05 80 0C 01 1C C0 41 CD 01 C1 00 0A 01 D1 03 01 00 00 00 07 D1 2B 18 F6 81 B3 26 00 05 80 08 01 28 40 61 07 00 C1 00
38 00 87 B8 02 05 B9 A4 A0 6F 0F 01 05 00 02 00 00 00 00 00 00 00 00 00 00 00 00 01 00 01 D3 03 01 00 00 00 07 D3 03 18 F6 81 B3 26 00 05 80 08 01 30 40 61 07 00 C1 00
54 00 87 B8 D5 13 BC A4 A0 6F 0F 01 05 00 02 00 00 00 00 00 00 00 00 00 00 00 00 02 0B 01 D3 03 01 00 00 00 07 D3 2F 18 F6 81 B3 26 20 19 80 30 01 38 00 61 06 00 C9 00 0C 01 D3 03 01 00 00 00 07 D3 33 18 F6 81 B3 26 20 98 80 4C 04 40 00 63 07 00 C9 00
38 00 87 B8 48 56 BF A4 A0 6F 0F 01 05 00 02 00 00 00 00 00 00 00 00 00 00 00 00 01 0D 01 D3 03 01 00 00 00 07 D3 37 18 F6 81 B3 26 A0 40 83 38 67 48 C0 62 07 00 C9 00
38 00 87 B8 D5 76 C2 A4 A0 6F 0F 01 05 00 02 00 00 00 00 00 00 00 00 00 00 00 00 01 00 01 D4 03 01 00 00 00 07 D4 03 18 F6 81 B3 26 20 19 80 30 01 3C 40 61 05 81 C9 00
70 00 87 B8 DD 77 D2 A4 A0 6F 0F 01 05 00 02 00 00 00 00 00 00 00 00 00 00 00 00 03 00 01 D6 03 01 00 00 00 07 D6 03 18 F6 81 B3 26 00 05 80 08 01 50 40 61 07 00 C1 00 03 01 D6 03 01 00 00 00 07 D6 0F 18 F6 81 B3 26 80 09 80 40 01 58 C0 62 07 00 C9 00 06 01 D6 03 01 00 00 00 07 D6 1B 18 F6 81 B3 26 00 05 80 08 01 60 00 62 07 00 C1 00
38 00 87 B8 B0 9D D5 A4 A0 6F 0F 01 05 00 02 00 00 00 00 00 00 00 00 00 00 00 00 01 0C 01 D6 03 01 00 00 00 07 D6 33 18 F6 81 B3 26 20 90 80 48 04 68 00 63 07 00 C9 00
38 00 87 B8 F4 13 DC A4 A0 6F 0F 01 05 00 02 00 00 00 00 00 00 00 00 00 00 00 00 01 0B 01 D7 03 01 00 00 00 07 D7 2F 18 F6 81 B3 26 00 05 80 08 01 70 00 61 07 00 C1 00
38 00 87 B8 33 77 26 A6 A0 6F 0F 01 05 00 02 00 00 00 00 00 00 00 00 00 00 00 00 01 0D 01 00 00 01 00 00 00 07 00 34 18 F6 81 B3 26 00 54 80 34 0F 78 C0 42 07 00 C9 00
38 00 87 B8 2D 03 2D A6 A0 6F 0F 01 05 00 02 00 00 00 00 00 00 00 00 00 00 00 00 01 0A 01 01 00 01 00 00 00 07 01 28 18 F6 81 B3 26 60 01 80 1C 03 00 50 00 83 00 C1 00
38 00 87 B8 AE 76 36 A6 A0 6F 0F 01 05 00 02 00 00 00 00 00 00 00 00 00 00 00 00 01 10 01 02 00 01 00 00 00 07 02 40 18 F6 81 B3 26 00 54 80 44 03 00 00 42 03 00 C9 00
38 00 87 B8 AE 13 40 A6 A0 6F 0F 01 05 00 02 00 00 00 00 00 00 00 00 00 00 00 00 01 00 01 04 00 01 00 00 00 07 04 00 18 F6 81 B3 26 80 05 80 0C 01 08 40 41 03 00 C1 00
38 00 87 B8 E9 9C 59 A6 A0 6F 0F 01 05 00 02 00 00 00 00 00 00 00 00 00 00 00 00 01 01 01 07 00 01 00 00 00 07 07 04 18 F6 81 B3 26 40 0D 80 20 01 10 00 41 03 00 C5 00
54 00 87 B8 AE 17 60 A6 A0 6F 0F 01 05 00 02 00 00 00 00 00 00 00 00 00 00 00 00 02 10 01 07 00 01 00 00 00 07 07 40 18 F6 81 B3 26 00 5A 80 48 03 18 00 42 03 00 C9 00 00 01 08 00 01 00 00 00 07 08 00 18 F6 81 B3 26 80 05 80 0C 01 20 40 41 03 00 C1 00
38 00 87 B8 F8 52 63 A6 A0 6F 0F 01 05 00 02 00 00 00 00 00 00 00 00 00 00 00 00 01 06 01 08 00 01 00 00 00 07 08 18 18 F6 81 B3 26 A0 14 80 34 01 28 00 42 03 00 C9 00
38 00 87 B8 BE 03 6D A6 A0 6F 0F 01 05 00 02 00 00 00 00 00 00 00 00 00 00 00 00 01 0B 01 09 00 01 00 00 00 07 09 2C 18 F6 81 B3 26 00 04 80 08 01 30 00 41 03 00 C1 00
38 00 87 B8 3F 17 70 A6 A0 6F 0F 01 05 00 02 00 00 00 00 00 00 00 00 00 00 00 00 01 00 01 0A 00 01 00 00 00 07 0A 00 18 F6 81 B3 26 60 0F 80 24 01 38 40 41 03 00 C5 00
54 00 87 B8 33 03 7D A6 A0 6F 0F 01 05 00 02 00 00 00 00 00 00 00 00 00 00 00 00 02 0B 01 0B 00 01 00 00 00 07 0B 2C 18 F6 81 B3 26 60 0F 80 24 01 40 00 41 03 00 C5 00 0C 01 0B 00 01 00 00 00 07 0B 30 18 F6 81 B3 26 E0 0D 80 24 01 48 00 43 03 00 C5 00
70 00 87 B8 33 18 80 A6 A0 6F 0F 01 05 00 02 00 00 00 00 00 00 00 00 00 00 00 00 03 13 01 0B 00 01 00 00 00 07 0B 4C 18 F6 81 B3 26 20 18 80 3C 01 50 80 41 03 00 C9 00 00 01 0C 00 01 00 00 00 07 0C 00 18 F6 81 B3 26 20 18 80 3C 01 58 40 41 03 00 C9 00 01 01 0C 00 01 00 00 00 07 0C 04 18 F6 81 B3 26 20 18 80 3C 01 60 00 41 03 00 C9 00
54 00 87 B8 A4 54 83 A6 A0 6F 0F 01 05 00 02 00 00 00 00 00 00 00 00 00 00 00 00 02 03 01 0C 00 01 00 00 00 07 0C 0C 18 F6 81 B3 26 40 0D 80 3C 02 68 C0 42 03 00 C9 00 07 01 0C 00 01 00 00 00 07 0C 1C 18 F6 81 B3 26 60 0F 80 24 01 70 C0 41 03 00 C5 00
54 00 87 B8 04 9D 89 A6 A0 6F 0F 01 05 00 02 00 00 00 00 00 00 00 00 00 00 00 00 02 01 01 0D 00 01 00 00 00 07 0D 04 18 F6 81 B3 26 40 0D 80 20 01 78 00 41 03 00 C5 00 02 01 0D 00 01 00 00 00 07 0D 08 18 F6 81 B3 26 20 50 82 54 13 00 00 43 07 00 CD 00
38 00 87 B8 75 19 90 A6 A0 6F 0F 01 05 00 02 00 00 00 00 00 00 00 00 00 00 00 00 01 01 01 0E 00 01 00 00 00 07 0E 04 18 F6 81 B3 26 20 19 80 38 01 08 00 41 07 00 C9 00
70 00 87 B8 2F 54 93 A6 A0 6F 0F 01 05 00 02 00 00 00 00 00 00 00 00 00 00 00 00 03 06 01 0E 00 01 00 00 00 07 0E 18 18 F6 81 B3 26 20 60 84 54 21 10 00 42 07 00 CD 00 09 01 0E 00 01 00 00 00 07 0E 24 18 F6 81 B3 26 40 0D 80 1C 01 18 80 41 07 00 C5 00 0A 01 0E 00 01 00 00 00 07 0E 28 18 F6 81 B3 26 20 1E 80 48 01 20 40 41 07 00 C9 00
8C 00 87 B8 5E 78 96 A6 A0 6F 0F 01 05 00 02 00 00 00 00 00 00 00 00 00 00 00 00 04 0B 01 0E 00 01 00 00 00 07 0E 2C 18 F6 81 B3 26 20 17 80 38 01 28 00 41 07 00 C9 00 0C 01 0E 00 01 00 00 00 07 0E 30 18 F6 81 B3 26 A0 F0 82 54 18 30 00 43 07 00 CD 00 0D 01 0E 00 01 00 00 00 07 0E 34 18 F6 81 B3 26 E0 40 89 4C 11 39 C0 42 06 00 C9 00 10 01 0E 00 01 00 00 00 07 0E 40 18 F6 81 B3 26 00 70 82 58 11 40 00 42 07 00 CD 00
54 00 87 B8 FE 9C 99 A6 A0 6F 0F 01 05 00 02 00 00 00 00 00 00 00 00 00 00 00 00 02 12 01 0E 00 01 00 00 00 07 0E 48 18 F6 81 B3 26 80 40 82 50 10 48 C0 41 07 00 CD 00 00 01 0F 00 01 00 00 00 07 0F 00 18 F6 81 B3 26 80 05 80 0C 01 50 40 41 07 00 C1 00
8C 00 87 B8 91 03 9D A6 A0 6F 0F 01 05 00 02 00 00 00 00 00 00 00 00 00 00 00 00 04 07 01 0F 00 01 00 00 00 07 0F 1C 18 F6 81 B3 26 40 0D 80 20 01 58 C0 41 07 00 C5 00 09 01 0F 00 01 00 00 00 07 0F 24 18 F6 81 B3 26 E0 40 89 78 38 3C 80 41 05 81 C9 00 0C 01 0F 00 01 00 00 00 07 0F 30 18 F6 81 B3 26 20 AC 80 4C 06 60 00 43 07 00 C9 00 0D 01 0F 00 01 00 00 00 07 0F 34 18 F6 81 B3 26 20 A0 81 3C 3F 68 C0 42 07 00 C9 00
54 00 87 B8 54 53 A3 A6 A0 6F 0F 01 05 00 02 00 00 00 00 00 00 00 00 00 00 00 00 02 09 01 10 00 01 00 00 00 07 10 24 18 F6 81 B3 26 20 AC 80 4C 06 64 80 41 CD 01 C9 00 0A 01 10 00 01 00 00 00 07 10 28 18 F6 81 B3 26 20 A0 81 3C 3F 6C 40 41 CD 01 C9 00
54 00 87 B8 3D 9D A9 A6 A0 6F 0F 01 05 00 02 00 00 00 00 00 00 00 00 00 00 00 00 02 02 01 11 00 01 00 00 00 07 11 08 18 F6 81 B3 26 20 AC 80 4C 06 66 00 43 CD 02 C9 00 03 01 11 00 01 00 00 00 07 11 0C 18 F6 81 B3 26 20 A0 81 3C 3F 6E C0 42 CD 02 C9 00
38 00 87 B8 A4 03 AD A6 A0 6F 0F 01 05 00 02 00 00 00 00 00 00 00 00 00 00 00 00 01 0B 01 11 00 01 00 00 00 07 11 2C 18 F6 81 B3 26 80 05 80 0C 01 70 00 41 07 00 C1 00
70 00 87 B8 CB 53 B3 A6 A0 6F 0F 01 05 00 02 00 00 00 00 00 00 00 00 00 00 00 00 03 08 01 12 00 01 00 00 00 07 12 20 18 F6 81 B3 26 40 0D 80 1C 01 78 C0 41 07 00 C5 00 09 01 12 00 01 00 00 00 07 12 24 18 F6 81 B3 26 00 0C 80 1C 01 00 80 41 03 00 C5 00 0A 01 12 00 01 00 00 00 07 12 28 18 F6 81 B3 26 20 16 80 3C 01 08 40 41 03 00 C9 00
A8 00 87 B8 27 78 B6 A6 A0 6F 0F 01 05 00 02 00 00 00 00 00 00 00 00 00 00 00 00 05 0B 01 12 00 01 00 00 00 07 12 2C 18 F6 81 B3 26 20 16 80 3C 01 10 00 41 03 00 C9 00 0C 01 12 00 01 00 00 00 07 12 30 18 F6 81 B3 26 20 16 80 3C 01 18 00 43 03 00 C9 00 0D 01 12 00 01 00 00 00 07 12 34 18 F6 81 B3 26 80 0B 80 34 02 20 C0 42 03 00 C9 00 10 01 12 00 01 00 00 00 07 12 40 18 F6 81 B3 26 40 0D 80 20 01 28 00 42 03 00 C5 00 11 01 12 00 01 00 00 00 07 12 44 18 F6 81 B3 26 00 0C 80 1C 01 30 C0 41 03 00 C5 00
54 00 87 B8 E5 53 C3 A6 A0 6F 0F 01 05 00 02 00 00 00 00 00 00 00 00 00 00 00 00 02 09 01 14 00 01 00 00 00 07 14 24 18 F6 81 B3 26 40 0D 80 20 01 38 80 41 03 00 C5 00 0A 01 14 00 01 00 00 00 07 14 28 18 F6 81 B3 26 20 17 80 38 01 40 40 41 03 00 C9 00