
============================================================================
  B887 NR5G MAC PDSCH — Parsed Records
============================================================================
   Pkt   Rec   Slot   Frame     SCS Phy Cell ID   NR-ARFCN   TB Size   MCS   Num RBs   HARQ    K1
   ---   ---   ----   -----     --- -----------   --------   -------   ---   -------   ----    --
     0     0      3     140   30kHz     502     634080      1185    12        29      4    11
     0     1      6     140   30kHz     502     634080     45061    13       271      5     8
     0     2      7     140   30kHz     502     634080     48159    14       272      6     7
     0     3      8     140   30kHz     502     634080     49159    13       273      7     7
     0     4      9     140   30kHz     502     634080     34847    14       196      8     6
     1     0      0     996   30kHz     502     634080       111    12         1      3     5
     2     0      2     977   30kHz     502     634080       116    10         1      4    12
     3     0      7     977   30kHz     502     634080        44     3         1      3     7
     3     1     10     977   30kHz     502     634080        40     2         1      5     5
     4     0      0     979   30kHz     502     634080        40     2         1      6     5
     5     0     11     979   30kHz     502     634080       201    12         1      7     4
     5     1     12     979   30kHz     502     634080      1217    19         4      8    12
     6     0     13     979   30kHz     502     634080      6661    14       103      9    11
     7     0      0     980   30kHz     502     634080       201    12         1      7     5
     8     0      0     982   30kHz     502     634080        40     2         1     10     5
     8     1      3     982   30kHz     502     634080        76    16         1     11    11
     8     2      6     982   30kHz     502     634080        40     2         1     12     8
     9     0     12     982   30kHz     502     634080      1153    18         4     13    12
    10     0     11     983   30kHz     502     634080        40     2         1     14     4
    11     0     13       0   30kHz     502     634080       672    13        15     15    11
    12     0     10       1   30kHz     502     634080        11     7         3      0     1
    13     0     16       2   30kHz     502     634080       672    17         3      0     8
    14     0      0       4   30kHz     502     634080        44     3         1      1     5
    15     0      1       7   30kHz     502     634080       106     8         1      2     4
    16     0     16       7   30kHz     502     634080       720    18         3      3     8
    16     1      0       8   30kHz     502     634080        44     3         1      4     5
    17     0      6       8   30kHz     502     634080       165    13         1      5     8
    18     0     11       9   30kHz     502     634080        32     2         1      6     4
    19     0      0      10   30kHz     502     634080       123     9         1      7     5
    20     0     11      11   30kHz     502     634080       123     9         1      8     4
    20     1     12      11   30kHz     502     634080       111     9         1      9    12
    21     0     19      11   30kHz     502     634080       193    15         1     10     6
    21     1      0      12   30kHz     502     634080       193    15         1     11     5
    21     2      1      12   30kHz     502     634080       193    15         1     12     4
    22     0      3      12   30kHz     502     634080       106    15         2     13    11
    22     1      7      12   30kHz     502     634080       123     9         1     14     7
    23     0      1      13   30kHz     502     634080       106     8         1     15     4
    23     1      2      13   30kHz     502     634080      4737    21        19      0    12
    24     0      1      14   30kHz     502     634080       201    14         1      1     4
    25     0      6      14   30kHz     502     634080      8961    21        33      2     8
    25     1      9      14   30kHz     502     634080       106     7         1      3     6
    25     2     10      14   30kHz     502     634080       241    18         1      4     5
    26     0     11      14   30kHz     502     634080       185    14         1      5     4
    26     1     12      14   30kHz     502     634080      6021    21        24      6    12
    26     2     13      14   30kHz     502     634080     18951    19       273      7    11
    26     3     16      14   30kHz     502     634080      4992    22        17      8     8
    27     0     18      14   30kHz     502     634080      4612    20        16      9     7
    27     1      0      15   30kHz     502     634080        44     3         1     10     5
    28     0      7      15   30kHz     502     634080       106     8         1     11     7
    28     1      9      15   30kHz     502     634080     18951    30        56      7     6
    28     2     12      15   30kHz     502     634080      1377    19         6     12    12
    28     3     13      15   30kHz     502     634080      3329    15        63     13    11
    29     0      9      16   30kHz     502     634080      1377    19         6     12     6
    29     1     10      16   30kHz     502     634080      3329    15        63     13     5
    30     0      2      17   30kHz     502     634080      1377    19         6     12    12
    30     1      3      17   30kHz     502     634080      3329    15        63     13    11
    31     0     11      17   30kHz     502     634080        44     3         1     14     4
    32     0      8      18   30kHz     502     634080       106     7         1     15     7
    32     1      9      18   30kHz     502     634080        96     7         1      0     6
    32     2     10      18   30kHz     502     634080       177    15         1      1     5
    33     0     11      18   30kHz     502     634080       177    15         1      2     4
    33     1     12      18   30kHz     502     634080       177    15         1      3    12
    33     2     13      18   30kHz     502     634080        92    13         2      4    11
    33     3     16      18   30kHz     502     634080       106     8         1      5     8
    33     4     17      18   30kHz     502     634080        96     7         1      6     7
    34     0      9      20   30kHz     502     634080       106     8         1      7     6
    34     1     10      20   30kHz     502     634080       185    14         1      8     5

  Total records : 67
  MCS range     : 2 – 30
  MCS avg       : 12.12
  Unique MCS    : [2, 3, 7, 8, 9, 10, 12, 13, 14, 15, 16, 17, 18, 19, 20, 21, 22, 30]
============================================================================

