
============================================================================
  B887 NR5G MAC PDSCH — Parsed Records
============================================================================
   Pkt   Rec   Slot   Frame      SCS   CID   TB Size   MCS   Num RBs   HARQ    K1
   ---   ---   ----   -----      ---   ---   -------   ---   -------   ----    --
     0     0     10       1    30kHz     0        11     7         3      0     1
     1     0      0     227   120kHz     0        28     3         1     15     5
     2     0     10     257    30kHz     0        15     7         4      0     1
     3     0     10     641    30kHz     0        11     7         3      0     1
     4     0     19     656    15kHz     0       161     5         3      0     6
     4     1      0     657    30kHz     0        57     3         2      1     5
     4     2      1     657    30kHz     0        28     3         1      2     4
     4     3      2     657    30kHz     0       101    12         1      3    12
     5     0      1     659   120kHz     0        28     3         1      4     4
     6     0     16     659   120kHz     0        88     9         1      5     8
     6     1      0     660      mu4     0        88     9         1      6     5
     7     0     10     661      mu5     0        28     3         1      7     5
     8     0     19     704    15kHz     0       253     6         3      8     6
     8     1      0     705    30kHz     0       116     4         2      9     5
     8     2      1     705    30kHz     0        76     5         1     10     4
     8     3      2     705    30kHz     0        40     3         1     11    12
     9     0     10     706    60kHz     0        40     3         1     12     5
    10     0     10     710      mu6     0        30     2         1     13     5
    10     1     11     710      mu6     0        96     7         1     14     4
    11     0      1     712    15kHz     0        30     2         1     15     4
    12     0      7     713    30kHz     0        84     6         1      0     7
    12     1      8     713    30kHz     0        76     5         1      1     7
    13     0     10     738    60kHz     0        26     3         1      2     5
    14     0     10     797      mu5     0        11     7         3      0     1
    15     0     10     897    30kHz     0        11     7         3      0     1
    16     0      9     977    30kHz     0        32     4         1      3     6
    17     0      9    1009    30kHz     0        36     3         1      4     6
    18     0      9      49    30kHz     0        36     3         1      5     6
    19     0      9      81    30kHz     0        32     4         1      6     6
    20     0      0     227   120kHz     0        44     3         1      7     5
    21     0     10     227   120kHz     0        44     3         1      7     5
    22     0      0     228      mu4     0        44     3         1      7     5
    23     0     19     704    15kHz     0        28     3         1      8     6
    23     1      0     705    30kHz     0        28     3         1      9     5
    24     0     11     770    60kHz     0       149     2        37      0     1
    24     1     12     770    60kHz     0       149     2        37      0     1
    25     0     10     797      mu5     0        11     7         3      0     1
    26     0      7     925      mu5     0        11     7         3      0     1
    27     0      7      29      mu5     0        15     7         4      0     1
    28     0      7     157      mu5     0        11     7         3      0     1
    29     0      7     285      mu5     0        15     7         4      0     1
    30     0     10     541      mu5     0        11     7         3      0     1
    31     0      7     797      mu5     0        11     7         3      0     1
    32     0      7     925      mu5     0        15     7         4      0     1
    33     0      7      29      mu5     0        11     7         3      0     1
    34     0      7     157      mu5     0        15     7         4      0     1
    35     0      7     285      mu5     0        11     7         3      0     1
    36     0     10     413      mu5     0        23     7         6      0     1
    37     0      0     524      mu4     0        57     0        16      0     1
    38     0     19     524      mu4     0       848     8        48      0     6
    39     0     13     527      mu7     0        28     6         6      1    11
    40     0      8     529    30kHz     0        26     5         3      2     7
    41     0     18     530    60kHz     0       848     8        48      3     7
    42     0     10     534      mu6     0       169     0        48      4     5
    43     0     10     535      mu7     0        38     4         2      5     5
    44     0      0     536    15kHz     0       388     7        11      6     5
    45     0      0     539   120kHz     0        30     6         1      7     5
    46     0     10     539   120kHz     0        30     6         1      8     5
    47     0      1     540      mu4     0      1505     7        44      9     4
    47     1      2     540      mu4     0      1153     7        37     10    12
    47     2      7     540      mu4     0      2946     7        85     11     7
    48     0     11     542      mu6     0       201     8         5     12     4
    49     0      0     543      mu7     0       201     8         5     13     5
    49     1      1     543      mu7     0        88     9         2     14     4
    50     0     10     543      mu7     0       106     7         3     15     5
    51     0      2     545    30kHz     0        28     6         1      0    12
    52     0     19     545    30kHz     0       560     9        13      1     6
    53     0      1     551      mu7     0        30     2         1      2     4
    54     0     11     551      mu7     0       106     8         1      3     4
    55     0     10     553    30kHz     0        30     2         1      4     5
    56     0      2     554    60kHz     0       101     8         1      5    12
    57     0      9     554    60kHz     0      6021    14        50      6     6
    58     0      0     555   120kHz     0      6021    30        38      6     5
    59     0      6     559      mu7     0       656    13         4      7     8
    59     1     10     559      mu7     0        30     2         1      8     5
    60     0      3     560    15kHz     0      1505    12        55      9    11
    61     0     17     560    15kHz     0       129    10         1     10     7
    61     1      1     561    30kHz     0        30     2         1     11     4
    62     0     11     562    60kHz     0       101     8         1     12     4
    63     0     17     563   120kHz     0       217     8         2     13     7
    64     0     16     564      mu4     0        44     3         1     14     8
    65     0      2     571   120kHz     0      1185    12        13     15    12
    66     0     10     572      mu4     0        30     2         1      0     5
    67     0      0     575      mu7     0        30     2         1      1     5
    68     0      0     576    15kHz     0        96     7         1      2     5
    69     0      9     580      mu4     0       453    12         3      3     6
    70     0     18     586    60kHz     0       453    12         3      4     7
    70     1      0     587   120kHz     0        30     2         1      5     5
    71     0     11     588      mu4     0        44     3         1      6     4
    72     0      1     590      mu6     0       106     8         1      7     4
    73     0      1     591      mu7     0        44     3         1      8     4
    74     0     11     591      mu7     0       106     8         1      9     4
    75     0     16     600    15kHz     0       325    17         2     10     8
    76     0      0     607      mu7     0        28     3         1     11     5
    77     0      0     615      mu7     0        28     3         1     12     5
    78     0      3     618    60kHz     0        96    17         2     13    11
    79     0     19     618    60kHz     0        96    30         1     13     6
    80     0     10     619   120kHz     0        28     3         1     14     5
    81     0      0     620      mu4     0       101    11         1     15     5
    82     0      0     643   120kHz     0        28     3         1      0     5
    83     0     10     643   120kHz     0        92    10         1      1     5
    84     0      0     667   120kHz     0        30     2         1      2     5
    85     0     10     667   120kHz     0        96     7         1      3     5
    86     0      0     691   120kHz     0        28     3         1      4     5
    87     0     10     691   120kHz     0       101    11         1      5     5
    88     0     10     715   120kHz     0        28     3         1      6     5
    89     0     10     718      mu6     0        92    10         1      7     5
    90     0      0     743      mu7     0        30     2         1      8     5
    91     0      1     746    60kHz     0       106     8         1      9     4
    92     0     10     769    30kHz     0        15     7         4      0     1
    93     0      0     791      mu7     0        44     3         1     10     5
    94     0      1     794    60kHz     0       106     8         1     11     4
    95     0      0     879      mu7     0        30     2         1     12     5
    96     0      1     882    60kHz     0       106     8         1     13     4
    97     0     10       1    30kHz     0        15     7         4      0     1
    98     0     10      23      mu7     0        28     3         1     14     5
    99     0     12      26    60kHz     0       101    12         1     15    12
   100     0      0      27   120kHz     0        28     3         1      0     5
   101     0      0      87      mu7     0        28     3         1      1     5
   102     0      2      90    60kHz     0       101    12         1      2    12
   103     0      0      91   120kHz     0        28     3         1      3     5
   104     0     11      91   120kHz     0       101    11         1      4     4
   105     0      6     129    30kHz     0       480    13         4      5     8
   105     1     10     129    30kHz     0        11     7         3      0     1
   106     0     10     130    60kHz     0        40     3         1      6     5
   107     0     11     133      mu5     0       106     8         1      7     4
   108     0     10     541      mu5     0        23     7         6      0     1
   109     0     10     551      mu7     0        30     6         1      8     5
   110     0     10     641    30kHz     0        11     7         3      0     1
   111     0     10     769    30kHz     0        23     7         6      0     1
   112     0     10     897    30kHz     0        11     7         3      0     1
   113     0     10       1    30kHz     0        15     7         4      0     1
   114     0     10      39      mu7     0        28     3         1      9     5
   115     0      6     113    30kHz     0        30     0         4     10     8
   116     0     10     285      mu5     0        11     7         3      0     1
   117     0     10     541      mu5     0        15     7         4      0     1

  Total records : 136
  MCS range     : 0 – 30
  MCS avg       : 6.42
  Unique MCS    : [0, 2, 3, 4, 5, 6, 7, 8, 9, 10, 11, 12, 13, 14, 17, 30]
============================================================================

